land_surface_water__runoff_depth,land_surface_water__runoff_volume_flux,DIRECT_RUNOFF,GIUH_RUNOFF,NASH_LATERAL_RUNOFF,DEEP_GW_TO_CHANNEL_FLUX,SOIL_CONCEPTUAL_STORAGE
0.0001113119599627399,0.16933320333016555,0.0,0.0,0.0,0.0001113119599627399,0.569347124001209
0.00011130944859694658,0.16932938291756428,0.0,0.0,0.0,0.00011130944859694658,0.5633282529412604
0.00011672761632384046,0.1775717649372697,0.0,0.0,5.420762846922747e-06,0.00011130685347691771,0.557392338675858
0.00012716650533775142,0.1934519139933578,0.0,0.0,1.5862329571199163e-05,0.00011130417576655226,0.5515382378294924
0.0001422463064244035,0.21639204571360832,0.0,0.0,3.094488981068781e-05,0.00011130141661371566,0.545764822785552
0.00016160900457189528,0.2458475301334978,2.5087297442685634e-09,2.5087297442685634e-09,5.03079186644013e-05,0.0001112985771777497,0.5400748582452247
0.00018490747051732887,0.2812902972228532,2.464518555675439e-09,2.464518555675439e-09,7.360934739687848e-05,0.00011129565860189471,0.5344633172961167
0.0002118198750904801,0.3222307646911697,2.42241684273274e-09,2.42241684273274e-09,0.00010052479068715846,0.00011129266198647892,0.5289291190407831
0.00024203875012759272,0.3682011969140963,2.382280922669877e-09,2.382280922669877e-09,0.000130746779429999,0.00011128958841667104,0.5234711974796961
0.000275272783063031,0.4187584349541214,2.343979862212983e-09,2.343979862212983e-09,0.00016398400012047779,0.00011128643896269103,0.5180885013058981
0.00031124611108185475,0.4734828227909115,2.307394093945584e-09,2.307394093945584e-09,0.00019996058900774663,0.00011128321468001419,0.5127799937024867
0.00034969764326568453,0.5319771761364132,2.2724142090401627e-09,2.2724142090401627e-09,0.00023841545424190127,0.00011127991660957423,0.5075446521428899
0.0003903804096849925,0.5938657922421784,2.2389399006650235e-09,2.2389399006650235e-09,0.000279101624967127,0.0001112765457779648,0.5023814681938978
0.0004330587295222791,0.658790141909691,0.0,0.0,0.0003217856263519341,0.00011127310317034502,0.4972855702455371
0.0004775164693420566,0.7264214323749917,0.0,0.0,0.0003662468795836262,0.00011126958975843041,0.4922599079534845
0.0005235431084642194,0.7964394092724086,0.0,0.0,0.00041227710193650466,0.00011126600652771468,0.4873035132749207
0.0005709421102443265,0.8685450914359825,0.0,0.0,0.0004596797557942142,0.00011126235445011235,0.48241543150935073
0.0006195281780391653,0.9424565965399316,0.0,0.0,0.0005082695435550174,0.00011125863448414788,0.47759472111470924
0.0006691267458390627,1.017908366223588,0.0,0.0,0.000557871898263924,0.0001112548475751387,0.4728404535260011
0.0007195734895095952,1.0946504225683549,0.0,0.0,0.000608322494854217,0.00011125099465537826,0.46815171297644115
0.0007707138578623052,1.1724476547395226,0.0,0.0,0.0006594667812179913,0.00011124707664431388,0.4635275963210591
0.0008224026228023521,1.2510791346488506,0.0,0.0,0.0007111595283536278,0.0001112430944487242,0.4589672128627364
0.0008745034478283252,1.330337460535356,0.0,0.0,0.0007632643988654313,0.00011123904896289386,0.4544696841806392
0.0009268884741857976,1.4100281274018385,0.0,0.0,0.0008156535331170118,0.00011123494106878579,0.45003414396101765
0.0009794379240016169,1.4899689232833329,0.0,0.0,0.0008682071523654067,0.0001112307716362102,0.44565973783033647
0.0010320397197504491,1.569989350360984,0.0,0.0,0.0009208131782274575,0.00011122654152299169,0.4413456231907056
0.0010845891194287513,1.6499300699708328,0.0,0.0,0.0009733668678536166,0.00011122225157513475,0.4370909690575789
0.001136988366834162,1.7296423705917017,0.0,0.0,0.0010257704642071745,0.00011121790262698753,0.43289495589968996
0.0011891463563703118,1.808987657929863,0.0,0.0,0.0010779328608689115,0.00011121349550140027,0.42875677548119434
0.0012409783118182947,1.887836966250472,0.0,0.0,0.0011297692808084098,0.00011120903100988499,0.4246756307059867
0.0012924054785365153,1.966070490136906,0.0,0.0,0.0011812009685837441,0.0001112045099527711,0.42065073546416454
0.0013433548285703778,2.0435771358891834,0.0,0.0,0.0012321548954510179,0.00011119993311936005,0.4166813144806076
0.00139375877817235,2.1202540918016584,0.0,0.0,0.001282563476884274,0.00011119530128807593,0.41276660316564473
0.001443554917251292,2.1960064165880895,0.0,0.0,0.0013323643020246756,0.00011119061522661626,0.408905847467778
0.0014926857502876782,2.270746645249193,0.0,0.0,0.0013814998745955776,0.0001111858756921006,0.4050983037284382
0.0015410984482684235,2.344394411703756,0.0,0.0,0.0014299173648372103,0.00011118108343121329,0.4013432385387405
0.0015887446112115117,2.4168760875294693,0.0,0.0,0.0014775683720311614,0.00011117623918035045,0.397639928598216
0.0016355800408665198,2.4881244361838446,0.0,0.0,0.0015244086972007605,0.00011117134366575914,0.3939876605754891
0.001681564523192456,2.5580782820988444,0.0,0.0,0.0015703981255887768,0.00011116639760367923,0.39038573097087603
0.0017266616202291146,2.6266821940654013,0.0,0.0,0.0016155002185286361,0.00011116140170047849,0.38683344598087627
0.0017708384709924033,2.69388618234564,0.0,0.0,0.001659682114339611,0.00011115635665279248,0.38333012136453287
0.00181406560103783,2.7596454089715294,0.0,0.0,0.0017029143378901762,0.00011115126314765402,0.37987508231163336
0.0018563167403496089,2.8239199107088764,0.0,0.0,0.001745170618486979,0.0001111461218626299,0.3764676633127283
0.0018975686492255879,2.88667433418495,0.0,0.0,0.001786427715759641,0.00011114093346594682,0.3731072080309404
0.0019378009518405538,2.947877682696838,0.0,0.0,0.001826665253223929,0.0001111356986166248,0.36979306917554133
0.0019769959771823056,3.0075030742356037,0.0,0.0,0.0018658655592177066,0.00011113041796459914,0.3665246083772707
0.002015138607066372,3.0655275102788457,0.0,0.0,0.001904013514915522,0.00011112509215084993,0.36330119606537287
0.002052216130946247,3.1219316549209086,0.0,0.0,0.001941096409138725,0.00011111972180752189,0.36012221134632955
0.0020882181072466857,3.1766996239263117,0.0,0.0,0.001977103799688638,0.00011111430755804794,0.3569870418842631
0.00212313623095784,3.2298187833074596,0.0,0.0,0.0020120273809405703,0.00011110885001726944,0.3538950837829886
0.0021569642072378913,3.281279557042783,0.0,0.0,0.0020458608574463384,0.00011110334979155296,0.3508457414696913
0.0021896976307813824,3.331075243565937,0.0,0.0,0.0020785998233024735,0.00011109780747890893,0.3478384275802071
0.002221333870719612,3.3792018406706443,0.0,0.0,0.002110241647050507,0.00011109222366910521,0.3448725628458852
0.0022518719608283166,3.42565787848925,0.0,0.0,0.002140785361884536,0.0001110865989437805,0.34194757598200864
0.002281312494826389,3.470444260216002,0.0,0.0,0.0021702315609498303,0.00011108093387655837,0.3390629035777542
0.0023096575265575967,3.5135641102585966,0.0,0.0,0.002198582297524441,0.0001110752290331555,0.3362179899876675
0.002336910474855184,3.5550226295135503,0.0,0.0,0.0022258409898836926,0.00011106948497149158,0.33341228722463506
0.002363076032896879,3.594826957472601,0.0,0.0,0.0022520123306550826,0.00011106370224179648,0.33064525485433116
0.0023881600818651677,3.632986040878488,0.0,0.0,0.002277102200478452,0.00011105788138671575,0.32791635989111895
0.0024121696087348013,3.6695105086592883,0.0,0.0,0.0023011175857933844,0.00011105202294141687,0.325225076695387
0.0024351126280162992,3.7044125528807914,0.0,0.0,0.0023240665005826097,0.00011104612743368967,0.3225708868723009
0.0024569981072908227,3.7377058154665144,0.0,0.0,0.0023459579119067724,0.00011104019538405016,0.3199532791719496
0.0024778358963780927,3.7694052804444644,0.0,0.0,0.0023668016690722537,0.00011103422730583894,0.3173717493908687
0.0024976366599851712,3.799527171489167,0.0,0.0,0.002386608436279849,0.00011102822370532222,0.3148258002749211
0.002516411813689756,3.828088854536323,0.0,0.0,0.0024053896286079695,0.0001110221850817866,0.3123149414235152
0.002534173463117345,3.8551087452561337,0.0,0.0,0.002423157351189707,0.00011101611192763782,0.3098386891951444
0.002550934346177061,3.8806062211796015,0.0,0.0,0.002439924341448567,0.00011101000472849382,0.30739656661422876
0.0025667077782261833,3.9046015382801422,0.0,0.0,0.002455703914262904,0.0001110038639632791,0.3049881032792388
0.00258150760003849,3.9271157518204696,0.0,0.0,0.002470509909934174,0.00011099769010431584,0.3026128352720872
0.002595348128456409,3.9481706412822395,0.0,0.0,0.002484356644838992,0.00011099148361741702,0.30027030506876934
0.0026082441096116336,3.967788639202953,0.0,0.0,0.00249725886464966,0.00011098524496197357,0.29796006145123455
0.002620210674603417,3.9859927637516144,0.0,0.0,0.002509231700012372,0.00011097897459104508,0.29568165942047275
0.002631263297528077,4.002806554881153,0.0,0.0,0.0025202906245766323,0.00011097267295144455,0.2934346601107989
0.002641417755757459,4.018254013902081,0.0,0.0,0.0025304514152736314,0.00011096634048382747,0.29121863070531817
0.0026506900923681277,4.032359546327938,0.0,0.0,0.0025397301147453534,0.00011095997762277423,0.28903314435255734
0.0026590965806269386,4.045147907849004,0.0,0.0,0.002548142995830064,0.00011095358479687438,0.28687778008424447
0.0026666536904423927,4.056644153296456,0.0,0.0,0.002555706528013582,0.00011094716242881062,0.28475212273422185
0.002673378056694764,4.066873588464613,0.0,0.0,0.002562437345759326,0.00011094071093543788,0.28265576285847727
0.0026792864493614607,4.075861724664165,0.0,0.0,0.002568352218633596,0.00011093423072786495,0.2805882966562761
0.0026843957453574264,4.083634235884419,0.0,0.0,0.0025734680231458925,0.00011092772221153387,0.2785493258923821
0.002688722902013569,4.090216918447384,0.0,0.0,0.002577801716227271,0.00011092118578629798,0.2765384578203486
0.0026922849321193315,4.095635653041304,0.0,0.0,0.0025813703102728343,0.0001109146218464971,0.2745553051068681
0.0026950988804584626,4.099916369025734,0.0,0.0,0.002584190849677426,0.00011090803078103648,0.27259948575716403
0.0026971818017699233,4.1030850109045796,0.0,0.0,0.002586280388796464,0.00011090141297345934,0.27067062304141126
0.0026985507400686076,4.105167506867772,0.0,0.0,0.0025876559712665853,0.00011089476880202231,0.26876834542216993
0.0026992227092632144,4.106189739306227,0.0,0.0,0.0025883346106234484,0.00011088809863976618,0.26689228648282004
0.002699214675011156,4.106177517208639,0.0,0.0,0.002588333272156566,0.00011088140285459027,0.2650420848569826
0.0026985435377528265,4.105156550352381,0.0,0.0,0.002587668855943504,0.00011087468180932233,0.2632173841589128
0.0026972261168699252,4.103152425204369,0.0,0.0,0.002586358181008138,0.00011086793586178696,0.2614178329148536
0.002695279135914812,4.1001905824512415,0.0,0.0,0.002584417970549935,0.00011086116536487705,0.2596430844953344
0.002692719208860015,4.096296296081426,0.0,0.0,0.002581864838193395,0.0001108543706666198,0.2578927970484032
0.0026895628273191493,4.091494653944984,0.0,0.0,0.0025787152752089044,0.00011084755211024509,0.25616663343377966
0.002685826348692508,4.085810539720101,0.0,0.0,0.0025749856386582575,0.00011084071003425051,0.2544642611579147
0.0026815259851925197,4.079268616218073,0.0,0.0,0.002570692140420053,0.00011083384477246665,0.2527853523099457
0.002676677793706159,4.07189330996151,0.0,0.0,0.0025658508370520364,0.00011082695665412294,0.2511295834985342
0.0026712976664531574,4.063708796973151,0.0,0.0,0.0025604776204492486,0.00011082004600390887,0.24949663578957462
0.0026654013224006188,4.054738989715356,0.0,0.0,0.002554588209258581,0.00011081311314203788,0.24788619464476092
0.002659004299396287,4.045007525122846,0.0,0.0,0.0025481981410119775,0.00011080615838430935,0.24629794986100043
0.0026521219469843042,4.034537753673685,0.0,0.0,0.0025413227649421365,0.00011079918204216778,0.24473159551066218
0.0026447694198688514,4.023352729445845,0.0,0.0,0.0025339772354460864,0.00011079218442276506,0.2431868298826496
0.0026369616719925056,4.011475201108922,0.0,0.0,0.0025261765061634885,0.00011078516582901727,0.24166335542428471
0.0026287134511975984,3.9989276038027235,0.0,0.0,0.0025179353246379335,0.00011077812655966466,0.24016087868399344
0.002620039294440191,3.985732051856541,0.0,0.0,0.002509268227530862,0.00011077106690932914,0.23867911025478136
0.002610953523527614,3.9719103323048794,0.0,0.0,0.002500189536359044,0.0001107639871685703,0.2372177647184876
0.00260147024135175,3.9574838991573507,0.0,0.0,0.002490713353727808,0.00011075688762394171,0.2357765605908082
0.0025916033285914688,3.942473868382247,0.0,0.0,0.0024808535600334227,0.00011074976855804612,0.2343552202670761
0.002581366440858775,3.9269010135651325,0.0,0.0,0.002470623810609185,0.00011074263024958979,0.2329534699687891
0.0025707730062643295,3.9107857622053817,0.0,0.0,0.0024600375332908928,0.00011073547297343684,0.23157103969087506
0.0025598362233790993,3.8941481926153534,0.0,0.0,0.0024491079263784378,0.00011072829700066164,0.23020766314968288
0.002548569059569894,3.8770080313883195,0.0,0.0,0.0024378479569712934,0.00011072110259860035,0.2288630777316913
0.002536984249687551,3.859384651402874,0.0,0.0,0.0024262703596566472,0.00011071389003090365,0.2275370244429245
0.0025250942950874734,3.8412970703329217,0.0,0.0,0.0024143876355298857,0.00011070665955758758,0.22622924785906426
0.0025129114629631245,3.82276394963376,0.0,0.0,0.002402212051528042,0.00011069941143508219,0.22493949607625033
0.0025004477859739698,3.803803593976088,0.0,0.0,0.002389755640057687,0.0001106921459162828,0.22366752066255896
0.0024877150621501897,3.784433951101049,0.0,0.0,0.002377030198899593,0.0001106848632505967,0.22241307661014947
0.0024747248550572834,3.76467261207063,0.0,0.0,0.0023640472913732894,0.00011067756368399393,0.2211759222880712
0.0024614884942044655,3.7445368118889433,0.0,0.0,0.002350818246745414,0.00011067024745905125,0.21995581939572056
0.002448017075681498,3.724043430470999,0.0,0.0,0.0023373541608664966,0.0001106629148150017,0.21875253291693952
0.0024343214630093016,3.7032089939366992,0.0,0.0,0.0023236658970215217,0.00011065556598777975,0.21756583107474659
0.0024204122881903694,3.6820496762087793,0.0,0.0,0.0023097640869803025,0.00011064820121006687,0.21639548528669234
0.0024062999529456852,3.66058130089447,0.0,0.0,0.0022956591322343504,0.00011064082071133469,0.21524127012082966
0.0023919946301254437,3.638819343431548,0.0,0.0,0.0022813612054075508,0.00011063342471789301,0.2141029632522909
0.0023775062652814857,3.6167789334804086,0.0,0.0,0.002266880251828556,0.00011062601345292968,0.212980345420464
0.0023628445783899377,3.5944748575446264,0.0,0.0,0.0022522259912533833,0.00011061858713655463,0.21187320038675841
0.002348019065713106,3.571921561803358,0.0,0.0,0.0022374079197272616,0.00011061114598584463,0.210781314892953
0.002333039001790173,3.5491331551396894,0.0,0.0,0.002222435311575292,0.00011060369021488081,0.2097044786201187
0.002317913441546806,3.5261234123498753,0.0,0.0,0.0022073172215120113,0.0001105962200347947,0.20864248414810646
0.002302651222514209,3.502905777519069,0.0,0.0,0.002192062486860405,0.00011058873565380413,0.20759512691559412
0.002287260967148682,3.479493367549949,0.0,0.0,0.002176679729871424,0.00011058123727725805,0.20656220518068397
0.0022717510852431322,3.4558989758312286,0.0,0.0,0.0021611773601354603,0.00011057372510767207,0.20554351998204312
0.0022561297764224723,3.4321350760337808,0.0,0.0,0.002145563577077702,0.00011056619934477,0.2045388751005795
0.0022404050327151964,3.4082138260226387,0.0,0.0,0.002129846372529675,0.00011055866018552152,0.20354807702164637
0.0022245846411938627,3.3841470718738345,0.0,0.0,0.0021140335333696826,0.00011055110782418,0.20257093489776726
0.0022086761866775416,3.35994635198549,0.0,0.0,0.002098132644225221,0.00011054354245232063,0.20160726051187516
0.0021926870544896945,3.3356229012732403,0.0,0.0,0.0020821510902308184,0.00011053596425887586,0.20065686824105802
0.002176624433265253,3.3111876554404995,0.0,0.0,0.0020660960598350795,0.00011052837343017346,0.1997195750208042
0.002160495317801025,3.2866512553146365,0.0,0.0,0.0020499745476510534,0.00011052077014997161,0.19879520030974046
0.0021443065119438505,3.2620240512405805,0.0,0.0,0.0020337933573443554,0.00011051315459949498,0.1978835660548562
0.0021280646315112403,3.23731610752384,0.0,0.0,0.0020175591045537723,0.00011050552695746818,0.19698449665720688
0.002111776107239522,3.2125372069153664,0.0,0.0,0.0020012782198393702,0.00011049788740015182,0.19609781893809
0.0020954471877547847,3.187696855131097,0.0,0.0,0.0019849569516534092,0.00011049023610137527,0.19522336210568772
0.002079083942562183,3.162804285399438,0.0,0.0,0.001968601369329611,0.00011048257323257178,0.1943609577221687
0.0020626922650494087,3.137868463030285,0.0,0.0,0.0019522173660865994,0.0001104748989628093,0.1935104396712437
0.002046277875500383,3.112898089999605,0.0,0.0,0.0019358106620415586,0.00011046721345882448,0.1926716441261683
0.002029846324115452,3.0879016095439025,0.0,0.0,0.0019193868072303968,0.00011045951688505537,0.19184440951818657
0.0020134029940345804,3.06288721075925,0.0,0.0,0.001902951184630909,0.00011045180940367145,0.19102857650540966
0.00199695310436026,3.0378628331998856,0.0,0.0,0.001886509013185654,0.00011044409117460598,0.19022398794212356
0.0019805017131770374,3.0128361714716645,0.0,0.0,0.0018700653508214508,0.0001104363623555864,0.18943048884851937
0.0019640537205647675,2.9878146798159713,0.0,0.0,0.0018536250974626018,0.00011042862310216548,0.18864792638084135
0.00194761387160287,2.9628055766799375,0.0,0.0,0.0018371929980351195,0.0001104208735677505,0.18787614980194603
0.0019311867593630508,2.9378158492691195,0.0,0.0,0.001820773645459419,0.00011041311390363204,0.18711501045226753
0.0019147768278881126,2.9128522580790093,0.0,0.0,0.0018043714836290963,0.00011040534425901635,0.18636436172118231
0.0018983883751546241,2.887921341401991,0.0,0.0,0.0017879908103735748,0.00011039756478104934,0.18562405901876944
0.0018820255560173993,2.8630294198066313,0.0,0.0,0.0017716357804025491,0.0001103897756148501,0.18489395974795927
0.00186569238513384,2.8381826005863258,0.0,0.0,0.001755310408230306,0.00011038197690353377,0.18417392327706683
0.001849392739866374,2.813386782174636,0.0,0.0,0.00173901857107813,0.00011037416878824384,0.18346381091270306
0.0018331303631613132,2.7886476585247455,0.0,0.0,0.001722764011753137,0.00011036635140817617,0.18276348587305988
0.001816908866402609,2.7639707234507362,0.0,0.0,0.0017065503415020025,0.00011035852490060653,0.18207281326156324
0.0018007317322390852,2.7393612749285086,0.0,0.0,0.001690381042838167,0.00011035068940091825,0.18139166004088914
0.0017846023173838429,2.7148244193543762,0.0,0.0,0.0016742594723412163,0.00011034284504262653,0.1807198950073384
0.0017685238553846422,2.6903650757595066,0.0,0.0,0.0016581888634272365,0.00011033499195740561,0.18005738876556374
0.0017524994593641644,2.6659879799785418,0.0,0.0,0.0016421723290890506,0.00011032713027511364,0.17940401370364606
0.0017365321247291524,2.6416976887708734,0.0,0.0,0.001626212864605335,0.00011031926012381738,0.17875964396851363
0.0017206247318475249,2.6174985838932026,0.0,0.0,0.001610313350217707,0.00011031138162981779,0.1781241554417003
0.001704835402709288,2.593479083362379,5.5353828500832945e-08,5.5353828500832945e-08,0.0015944765537749647,0.00011030349510582234,0.17752416936543572
0.001692991679473863,2.5754618317078246,3.990943872898562e-06,3.990943872898562e-06,0.0015787051333437353,0.00011029560225722922,0.17713115193131507
0.0016737955470056544,2.546259735154318,5.060384435413579e-07,5.060384435413579e-07,0.0015630018050080598,0.00011028770355405331,0.17659886032454658
0.00165835127877131,2.522765158164682,7.009205786522385e-07,7.009205786522385e-07,0.0015473705600190747,0.00011027979817358306,0.17608817570088378
0.0016500763139411215,2.5101768765226256,7.988924935975364e-06,7.988924935975364e-06,0.0015318155011181658,0.00011027188788698013,0.17580765831808984
0.001637078676595181,2.4904042342275066,1.0475004867914472e-05,1.0475004867914472e-05,0.0015163396970730237,0.00011026397465424304,0.17557658721124103
0.0016119799209493263,2.452222778303666,7.763451557423601e-07,7.763451557423601e-07,0.0015009475188042598,0.00011025605698932414,0.1750850299374088
0.001597024781160671,2.4294722874533465,1.1319234287030644e-06,1.1319234287030644e-06,0.0014856447244699857,0.00011024813326198228,0.17462095563715907
0.00159540261240749,2.427004564924607,1.4727060280532976e-05,1.4727060280532976e-05,0.0014704353462375536,0.00011024020588940351,0.17447304134370958
0.0015691747734424403,2.3871054921756745,3.620835945067802e-06,3.620835945067802e-06,0.001455321661911428,0.00011023227558594439,0.17411193982276926
0.00155360937450343,2.36342664522754,3.0771829277881357e-06,3.0771829277881357e-06,0.001440307850798587,0.00011022434077705484,0.17373917556742816
0.0015738845792997087,2.3942702794379005,3.826979207175016e-05,3.826979207175016e-05,0.0014253983823719783,0.00011021640485598016,0.17386030258519827
0.001651491737929201,2.5123300887924667,0.00013068727769205033,0.00013068727769205033,0.001410595985069458,0.00011020847516769256,0.1745339019807698
0.0016728188669262076,2.5447739615991956,0.0001667122010740273,0.0001667122010740273,0.0013959061092750462,0.0001102005565771341,0.17534923188693372
0.0016738570850846593,2.5463533498930055,0.00018232420246366583,0.00018232420246366583,0.001381340232208582,0.0001101926504124116,0.1762124236072487
0.001666687339942686,2.5354463825522306,0.0001895892687772756,0.0001895892687772756,0.0013669133140590648,0.00011018475710634564,0.17708966043369812
0.0015564531512552828,2.3677527376538015,9.363580452292409e-05,9.363580452292409e-05,0.0013526404730245854,0.0001101768737077733,0.17753357337346984
0.0014577697811528167,2.2176307635149897,9.06461283530581e-06,9.06461283530581e-06,0.001338536176230699,0.00011016899208681181,0.17725324402623024
0.001444291659687619,2.1971271852531484,9.519259047352784e-06,9.519259047352784e-06,0.0013246112933822044,0.00011016110725806189,0.17698511663423844
0.0014342777784180647,2.1818935787861595,1.3255807323489033e-05,1.3255807323489033e-05,0.001310868751328711,0.00011015321976586451,0.17678218241494895
0.0014169713514543803,2.155566194766139,9.519260080137536e-06,9.519260080137536e-06,0.001297306761719404,0.00011014532965483878,0.176520668252493
0.0013998157143745161,2.12946819970006,5.754321175215234e-06,5.754321175215234e-06,0.0012839239571955537,0.0001101374360037472,0.17618647035887267
0.001383687369864566,2.1049329723875903,2.838903171000867e-06,2.838903171000867e-06,0.0012707189289188475,0.00011012953777471761,0.17577703424319058
0.0013689842878591668,2.082565924177912,1.173271801278218e-06,1.173271801278218e-06,0.001257689382053113,0.00011012163400477548,0.17530553571856186
0.0013572118000038094,2.064657039271201,2.265987679540577e-06,2.265987679540577e-06,0.0012448320876835867,0.00011011372464068221,0.17488817102976487
0.0013456617348804522,2.0470865147142283,3.412917887602162e-06,3.412917887602162e-06,0.0012321430066195651,0.00011010581037328477,0.17451506163870545
0.0013321183857441963,2.0264837089256256,2.4023546280512982e-06,2.4023546280512982e-06,0.0012196181398018949,0.00011009789131425024,0.174113715220076
0.0013184259741112231,2.005654141968915,1.0818241975432073e-06,1.0818241975432073e-06,0.0012072541830128,0.00011008996690087995,0.17366042146743263
0.0013054807636773231,1.9859612540592142,3.507470407552733e-07,3.507470407552733e-07,0.0011950479801795136,0.00011008203645705432,0.17316264892642916
0.0012933385316919706,1.9674898962792777,2.6850682340686966e-07,2.6850682340686966e-07,0.0011829959252074478,0.00011007409966111586,0.17266334441234052
0.0012824065839078577,1.9508596820817952,1.2465347151884628e-06,1.2465347151884628e-06,0.0011710938921638025,0.00011006615702886674,0.17223880935925537
0.001270646960652888,1.932970367435045,1.2511705597525655e-06,1.2511705597525655e-06,0.0011593375809657162,0.00011005820912741937,0.17182039953935943
0.0012582005410794292,1.9140362646030533,4.2701838610124997e-07,4.2701838610124997e-07,0.0011477232670234643,0.00011005025566986361,0.1713550389194567
0.0012465526183206847,1.8963168742200183,2.625063740326083e-07,2.625063740326083e-07,0.0011362478156863153,0.00011004229626033694,0.17088006297084787
0.0012352047231649866,1.8790539005160924,2.6249210015009695e-07,2.6249210015009695e-07,0.0011249079001866046,0.00011003433087823185,0.17041165204709083
0.0012239711346822926,1.8619648157195965,2.448548074032055e-07,2.448548074032055e-07,0.0011136999202733203,0.0001100263596015691,0.16994772190361793
0.0012133852820294824,1.8458610983806736,7.465480658431253e-07,7.465480658431253e-07,0.0011026203511607562,0.00011001838280288312,0.16953221695251802
0.00120258891878412,1.829437142021759,9.126889886507805e-07,9.126889886507805e-07,0.0010916658288602963,0.00011001040093517314,0.1691328419554249
0.001191313678981578,1.8122846951982612,4.778626634706216e-07,4.778626634706216e-07,0.0010808334023785714,0.00011000241393953587,0.16870897371485455
0.0011803819090838556,1.7956547516102652,2.6690487101609567e-07,2.6690487101609567e-07,0.0010701205826666375,0.00010999442154620191,0.1682710674604115
0.0011696065146718448,1.7792626940672795,9.522314074810546e-08,9.522314074810546e-08,0.0010595248679982508,0.00010998642353284591,0.16781545790783706
0.001159023126074312,1.7631627251698845,1.1447114640588174e-09,1.1447114640588174e-09,0.001049043561763795,0.00010997841959905297,0.16733468885480554
0.0011486459818627422,1.747376505330144,1.7441787783837619e-09,1.7441787783837619e-09,0.001038673828061741,0.00010997040962222274,0.16686145656973264
0.001138695116945246,1.7322387624231876,3.200889420428688e-07,3.200889420428688e-07,0.0010284126338799234,0.00010996239412327976,0.16645470341100083
0.0011321110462190643,1.7222227516783415,3.899751862904155e-06,3.899751862904155e-06,0.0010182569196235732,0.00010995437473258707,0.16621349426216056
0.0011181665850595692,1.701009754641538,1.6065261491670252e-08,1.6065261491670252e-08,0.0010082041686433492,0.00010994635115472815,0.1657654659065788
0.0011082346116826811,1.6859007504710846,4.293774615491509e-08,4.293774615491509e-08,0.0009982533518860513,0.00010993832205047509,0.16533284216454736
0.0010983865923769925,1.6709194613441323,5.315518840804737e-08,5.315518840804737e-08,0.0009884031495996,0.00010993028758898457,0.16490886396005308
0.0010885883484613237,1.6560138929774815,1.5047799373887254e-08,1.5047799373887254e-08,0.0009786510528765674,0.00010992224778538251,0.16447836252884918
0.001078933805216233,1.6413269291065005,2.4841622559037256e-08,2.4841622559037256e-08,0.0009689947609292176,0.00010991420266445625,0.1640578095554465
0.001069382090114247,1.6267963924412778,4.3902150817011644e-08,4.3902150817011644e-08,0.0009594320355843784,0.00010990615237905157,0.1636490167296497
0.001059866533474827,1.6123208617996292,7.728437073024059e-09,7.728437073024059e-09,0.0009499607080843433,0.00010989809695341064,0.16323189925283177
0.0010504750301921159,1.5980340471978598,6.204412888538785e-09,6.204412888538785e-09,0.0009405787894164445,0.00010989003636278287,0.162819482928411
0.0010411663191529016,1.5838731802104071,0.0,0.0,0.0009312843485360776,0.00010988197061682414,0.16240369418437475
0.0010319493673801093,1.56985190191157,0.0,0.0,0.000922075467647413,0.00010987389973269632,0.16199363616642826
0.0010228160971564363,1.5559579240823032,0.0,0.0,0.0009129502733657019,0.00010986582379073435,0.16158922988921648
0.0010137685280347452,1.5421943189652976,3.842742114421559e-09,3.842742114421559e-09,0.0009039069423722718,0.0001098577429203591,0.16119753386075933
0.00111368302209534,1.6941891391450579,0.00010888960122863462,0.00010888960122863462,0.0008949437555855766,0.0001098496652811288,0.16195320521332873
0.0009959969685800507,1.5151593526270601,9.624090963086091e-08,9.624090963086091e-08,0.0008860591366699639,0.00010984159100045594,0.16158502272338476
0.000987212377940152,1.5017958032519871,1.201672919450323e-07,1.201672919450323e-07,0.0008772586983727644,0.00010983351227544258,0.1612261067084731
0.0009798698532202017,1.4906259951579037,1.496665174433357e-06,1.496665174433357e-06,0.0008685477581340612,0.00010982542991170709,0.1609724504773102
0.0009721487085920608,1.4788802119222457,2.40697861162681e-06,2.40697861162681e-06,0.0008599243850465433,0.00010981734493389065,0.16075965966675052
0.0009622008174977846,1.4637469929407696,1.0041695000642453e-06,1.0041695000642453e-06,0.0008513873907889158,0.00010980925720880461,0.16048722445498093
0.0009530731967300705,1.4498616093405048,3.355514659900496e-07,3.355514659900496e-07,0.0008429364792587479,0.00010980116600533258,0.1601701711184728
0.0009444533232096978,1.4367486357122066,8.907521147203843e-08,8.907521147203843e-08,0.0008345711771827552,0.00010979307081547054,0.1598252557536869
0.0009364401662485575,1.424558629018663,3.648747309414061e-07,3.648747309414061e-07,0.0008262903197927385,0.00010978497172487756,0.15952020025421654
0.0009282757027408112,1.4121384473984515,4.065450107712369e-07,4.065450107712369e-07,0.000818092288660342,0.00010977686906969795,0.15922321398299086
0.0009231038612444269,1.4042707889007322,3.3595359598545744e-06,3.3595359598545744e-06,0.000809975561389493,0.00010976876389507928,0.15906675026971112
0.000927177632211313,1.4104680087474328,1.547804600603495e-05,1.547804600603495e-05,0.0008019389273419712,0.00010976065886330675,0.15914891462865816
0.0009237463570928819,1.4052481850420062,2.0011707917571577e-05,2.0011707917571577e-05,0.0007939820931167355,0.00010975255605857477,0.1592899013227729
0.0009031547973661502,1.3739232962226997,7.303293695786774e-06,7.303293695786774e-06,0.0007861070491847376,0.00010974445448562586,0.15923086077839532
0.000890222950338343,1.3542507373806196,2.1691730244066774e-06,2.1691730244066774e-06,0.0007783174255437843,0.00010973635177015208,0.15903334305465666
0.0008922047617966887,1.357265566000567,1.1860826553806232e-05,1.1860826553806232e-05,0.000770615686714944,0.00010972824852793845,0.15906119568879357
0.0009513888353975633,1.4472992764151442,7.866669794188833e-05,7.866669794188833e-05,0.0007630019869481847,0.00010972015050749025,0.1596820700240839
0.0010448608711819134,1.5894935136422497,0.00017967187308200205,0.00017967187308200205,0.0007554769329659063,0.0001097120651340051,0.16076850832648995
0.0012475525897689096,1.8978380797456718,0.000389802524369552,0.000389802524369552,0.0007480460654047634,0.00010970399999459439,0.16247049449778106
0.0017771868743211054,2.703543684307162,0.0009267698726174198,0.0009267698726174198,0.0007407210355532448,0.00010969596615044086,0.16513281041499397
0.0013816318188465688,2.1018059675392116,0.0005384244768692017,0.0005384244768692017,0.000733519376570273,0.00010968796540709421,0.1670964053751504
0.0008593219876867363,1.307242680083507,2.3174815721696508e-05,2.3174815721696508e-05,0.000726467192440056,0.00010967997952498382,0.16716244869114436
0.0008303131461731521,1.263113010099827,1.0506555411512406e-06,1.0506555411512406e-06,0.0007195904983988301,0.00010967199223317068,0.16680384466706125
0.000836581152284487,1.2726482078780412,1.4019555004453029e-05,1.4019555004453029e-05,0.0007128975945367314,0.00010966400274330259,0.16675579262904885
0.0008196262221167475,1.246855537993299,3.588377226733039e-06,3.588377226733039e-06,0.0007063818331123942,0.00010965601177762023,0.16650130524056564
0.0008097410889869147,1.2318177894999651,5.6965191775402004e-08,5.6965191775402004e-08,0.000700036107202821,0.00010964801659231841,0.16606213001167877
0.0008034942268947817,1.2223147570389725,0.0,0.0,0.0006938542111496637,0.00010964001574511806,0.16560164856610557
0.0007974597573168371,1.213134826469303,0.0,0.0,0.000687827748184816,0.00010963200913202113,0.16514751383643514
0.0007915714074308423,1.204177180329049,0.0,0.0,0.000681947410588851,0.00010962399684199128,0.16469963834725848
0.0007858201963728191,1.1954281564882245,0.0,0.0,0.0006762042174100531,0.00010961597896276593,0.1642579358288213
0.0007801976283187913,1.1868748306834402,0.0,0.0,0.0006705896727379198,0.00010960795558087147,0.1638223212004066
0.0007746956703943077,1.1785049829127923,0.0,0.0,0.0006650957436126661,0.0001095999267816416,0.16339271055394647
0.000769306731487612,1.1703070652054157,0.0,0.0,0.0006597148388383802,0.00010959189264923185,0.1629690211378596
0.0007640236419319267,1.1622701707131817,0.0,0.0,0.0006544397886652906,0.00010958385326663622,0.16255117134111188
0.0007588396340235705,1.1543840040739028,0.0,0.0,0.0006492638253078656,0.00010957580871570482,0.16213908067749644
0.0007537483233438417,1.14663885299727,0.0,0.0,0.0006441805642666833,0.0001095677590771583,0.16173266977013018
0.0007487436908537864,1.139025561026533,0.0,0.0,0.0006391839864231838,0.00010955970443060257,0.1613318603361645
0.0007438200657320952,1.1315355014306738,0.0,0.0,0.0006342684208775487,0.00010955164485454642,0.16093657517170618
0.0007389721089274622,1.124160552183445,0.0,0.0,0.000629428528501047,0.00010954358042641515,0.16054673813694664
0.0007341947973977992,1.116893071987294,0.0,0.0,0.0006246592861752344,0.00010953551122256484,0.16016227414149586
0.0007294834090097167,1.109725877301713,0.0,0.0,0.0006199559716914174,0.00010952743731829927,0.15978310912991814
0.000724833508072648,1.1026522203370404,0.0,0.0,0.0006153141492847649,0.00010951935878788305,0.15940917006746796
0.0007202409314829592,1.095665767976203,0.0,0.0,0.000610729655778404,0.00010951127570455519,0.15904038492602188
0.0007157017754542822,1.088760581588248,0.0,0.0,0.0006061985873137371,0.00010950318814054509,0.15867668267020427
0.000711212382811195,1.0819310976988679,0.0,0.0,0.0006017172866441096,0.00010949509616708538,0.15831799324370488
0.000706769330824217,1.0751721094844005,0.0,0.0,0.0005972823309697922,0.00010948699985442469,0.1579642475557843
0.000702369419564911,1.0684787490570382,0.0,0.0,0.0005928905202930671,0.00010947889927184397,0.15761537746796575
0.0006980096607606599,1.06184647051017,0.0,0.0,0.0005885388662729929,0.00010947079448766699,0.15727131578091047
0.0006936872671294575,1.0552710336939426,0.0,0.0,0.0005842245815601824,0.00010946268556927503,0.15693199622147344
0.0006893996421757807,1.0487484886922422,0.0,0.0,0.0005799450695926602,0.00010945457258312054,0.15659735342993808
0.0006851443704293098,1.042275160973357,0.0,0.0,0.0005756979148345731,0.00010944645559473671,0.1562673229474267
0.0006809192081089634,1.03584763718765,0.0,0.0,0.0005714808734402084,0.00010943833466875503,0.15594184120348423
0.0006767220741953425,1.029462751586525,0.0,0.0,0.0005672918643264292,0.00010943020986891332,0.15562084550383343
0.0006725510418953412,1.0231175730379736,0.0,0.0,0.0005631289606372711,0.0001094220812580701,0.15530427401829874
0.0006684043304832694,1.0168093926148911,0.0,0.0,0.0005589903815850524,0.00010941394889821696,0.1549920657688963
0.0006642802975034299,1.010535711733257,0.0,0.0,0.0005548744846529401,0.00010940581285048983,0.15468416061808882
0.0006601774313196589,1.0042942308181286,0.0,0.0,0.0005507797581444785,0.00010939767317518046,0.15438049925720157
0.000656094343997884,0.9980828384762422,0.0,0.0,0.0005467048140661347,0.00010938952993174929,0.1540810231949984
0.000652029764508278,0.9918996011547948,0.0,0.0,0.0005426483813294422,0.0001093813831788358,0.1537856747464151
0.0006479825322340997,0.9857427532667761,0.0,0.0,0.00053860929925983,0.00010937323297426977,0.15349439702144832
0.0006439515907747988,0.9796106877639469,0.0,0.0,0.0005345865113997152,0.00010936507937508355,0.15320713391419724
0.0006399359820314274,0.9735019471392801,0.0,0.0,0.0005305790595939056,0.00010935692243752175,0.15292383009205654
0.0006359348405628696,0.9674152148413775,0.0,0.0,0.0005265860783458168,0.0001093487622170528,0.15264443098505817
0.0006319473882018236,0.9613493070840403,0.0,0.0,0.000522606789433443,0.00010934059876838056,0.1523688827753601
0.0006279729289198959,0.9553031650347998,0.0,0.0,0.0005186404967744437,0.00010933243214545225,0.15209713238688
0.0006240108439315858,0.9492758473668556,0.0,0.0,0.0005146865815301145,0.00010932426240147132,0.15182912747507157
0.0006200605870273078,0.9432665231594441,0.0,0.0,0.0005107444974384004,0.00010931608958890741,0.1515648164168422
0.0006161216801259964,0.937274465132242,0.0,0.0,0.0005068137663664913,0.00010930791375950513,0.15130414830060893
0.0006121937090381915,0.9312990431999633,0.0,0.0,0.000502893974073897,0.00010929973496429443,0.1510470729164923
0.000608276319430857,0.9253397183338457,0.0,0.0,0.0004989847661772547,0.0001092915532536023,0.15079354074664464
0.0006043692129855141,0.9193960367172133,0.0,0.0,0.0004950858443084539,0.00010928336867706018,0.15054350295571217
0.0006004721437416078,0.9134676241828279,0.0,0.0,0.0004911969624579937,0.00010927518128361418,0.15029691138142806
0.0005965849146173316,0.907554180920196,0.0,0.0,0.00048731792349579635,0.00010926699112153523,0.1500537185253356
0.000592707374100433,0.9016554764414614,0.0,0.0,0.0004834485758620053,0.0001092587982384277,0.14981387754363903
0.0005888394131018208,0.8957713447949573,0.0,0.0,0.000479588810420582,0.0001092506026812388,0.1495773422381804
0.0005849809619650701,0.8899016800159201,0.0,0.0,0.00047573855746880226,0.00010924240449626791,0.149344067047541
0.0005811319876251888,0.8840464318042643,0.0,0.0,0.0004718977838960143,0.00010923420372917451,0.1491140070382654
0.0005772924909102746,0.8782056014197334,0.0,0.0,0.00046806649048528563,0.00010922600042498897,0.14888711789620607
0.0005734625039799327,0.872379237785093,0.0,0.0,0.0004642447093518138,0.00010921779462811898,0.14866335591798768
0.000569642087894574,0.8665674337884296,0.0,0.0,0.0004604325015122149,0.00010920958638235908,0.14844267800258934
0.0005658313303099382,0.8607703227759462,0.0,0.0,0.00045662995457903816,0.00010920137573089997,0.14822504164304193
0.0005620303432914111,0.8549880752269946,0.0,0.0,0.00045283718057507517,0.00010919316271633593,0.14801040491824083
0.0005593898122677066,0.8509711701533059,1.15055015195527e-06,1.15055015195527e-06,0.00044905431386224815,0.00010918494825350317,0.14792286407772653
0.0005544582415477127,0.8434690233242915,0.0,0.0,0.0004452815091800683,0.00010917673236764434,0.14771239220077684
0.0005506882209341296,0.8377338833866563,0.0,0.0,0.00044151970671515013,0.00010916851421897955,0.14750482121206349
0.0005469300970993772,0.8320168414114446,0.0,0.0,0.0004377698032512477,0.00010916029384812952,0.147300111129273
0.0005431839651541478,0.8263180420856984,0.0,0.0,0.0004340318938589944,0.00010915207129515343,0.14709822252115945
0.0005394499393081205,0.8206376591507731,0.0,0.0,0.00043030609270856254,0.00010914384659955804,0.1468991164999493
0.0005357459164726201,0.8150029182644091,1.7765214677934978e-08,1.7765214677934978e-08,0.00042659253134866114,0.00010913561990928104,0.14671825414137335
0.0005320365091804769,0.8093599862789769,1.7760732426671172e-08,1.7760732426671172e-08,0.00042289135707835056,0.00010912739136969972,0.14653988457391448
0.0005283264297270789,0.8037160317689348,4.441602269556635e-09,4.441602269556635e-09,0.0004192028271635543,0.00010911916096125495,0.14635622812763818
0.0005246382284804906,0.7981053594582492,0.0,0.0,0.00041552729987009507,0.00010911092861039555,0.1461673488542425
0.0005209687665384589,0.7925231942951315,9.889596255951818e-10,9.889596255951818e-10,0.0004118650832540459,0.00010910269432478739,0.14598473327809863
0.0005173627418089176,0.7870375329255408,5.189307328009945e-08,5.189307328009945e-08,0.0004082163904089469,0.00010909445832669067,0.14582747067093535
0.0005136720741125269,0.7814231085306584,4.437191068517587e-09,4.437191068517587e-09,0.0004045814162443135,0.00010908622067714497,0.14565363327536804
0.0005100388150100772,0.7758960168996042,3.0682124850791586e-10,3.0682124850791586e-10,0.0004009605269518494,0.00010907798123697923,0.14547647740940362
0.000506677856479502,0.7707831622303246,2.540081762581202e-07,2.540081762581202e-07,0.0003973541079054721,0.00010906974039777179,0.1453582967912531
0.0005028382910881389,0.7649422273718172,1.4406560715957454e-08,1.4406560715957454e-08,0.000393762386257188,0.00010906149827023492,0.1451971451955656
0.0004992623136200018,0.7595022753673889,2.3152572442062635e-08,2.3152572442062635e-08,0.00039018590645186656,0.00010905325459569312,0.1450419550840018
0.0004956761931344333,0.7540468933082416,5.919551267105595e-09,5.919551267105595e-09,0.0003866252642136633,0.00010904500936950292,0.14488015085365485
0.0004921592317646572,0.7486967194820691,4.169070002180654e-08,4.169070002180654e-08,0.00038308077839931766,0.00010903676266531779,0.14473538611816814
0.0004885927172479784,0.7432711629827052,1.1472434466871403e-08,1.1472434466871403e-08,0.0003795527302763806,0.00010902851453713093,0.14458132218622524
0.0004850661286924952,0.737906343810288,4.4294960634128755e-09,4.4294960634128755e-09,0.0003760414342947001,0.00010902026490173173,0.14442466019262049
0.0004815593331295183,0.7325716347071359,1.0084805675344406e-10,1.0084805675344406e-10,0.00037254721857149124,0.00010901201370997029,0.14426357372180285
0.00047807406416500614,0.7272696729195114,0.0,0.0,0.0003690703032266004,0.00010900376093840575,0.14410353705026246
0.0004746063430999485,0.7219944058556824,0.0,0.0,0.00036561083648991313,0.00010899550661003534,0.14394570612945984
0.00047115617216166895,0.7167458369039625,0.0,0.0,0.000362168921405941,0.00010898725075572794,0.1437900505580109
0.00046772365262131915,0.711524120122986,0.0,0.0,0.00035874465921539276,0.00010897899340592642,0.1436365403535472
0.00046430908239183683,0.7063297087124997,1.9149883608746653e-10,1.9149883608746653e-10,0.0003553381562910026,0.00010897073460199808,0.14348675964535917
0.000460911997739657,0.7011618972182999,0.0,0.0,0.0003519495233663168,0.00010896247437334021,0.14333742963377186
0.00045753309751845136,0.6960217487708079,0.0,0.0,0.00034857888478074676,0.0001089542127377046,0.14319015780535
0.0004541725081634143,0.6909094557094321,1.913800517919158e-10,1.913800517919158e-10,0.000345226367048127,0.00010894594973523555,0.1430465294911377
0.00045083351761481325,0.6858300198098843,3.743787016720621e-09,3.743787016720621e-09,0.00034189208838350055,0.00010893768544429596,0.14291040357930454
0.0004475074990953825,0.6807703175962211,1.9004129650747667e-09,1.9004129650747667e-09,0.0003385761787661479,0.00010892941991626954,0.14277410278595434
0.0004442018659327535,0.6757416265853919,1.9000533225476226e-09,1.9000533225476226e-09,0.00033527881271617913,0.00010892115316325181,0.14263968059723736
0.0004409168097024761,0.670744238211503,3.741672929446748e-09,3.741672929446748e-09,0.00033200018280360363,0.00010891288522594302,0.1425091621975776
0.00043764727753852384,0.6657704658073663,2.197520103351635e-09,2.197520103351635e-09,0.00032874046388572405,0.00010890461613269648,0.14237877616866693
0.00043940302173108443,0.6684413898343455,5.0068349181796225e-06,5.0068349181796225e-06,0.00032549983913551437,0.00010889634767739044,0.14250341459219804
0.00043244334528542766,0.6578539892793732,1.276776010488513e-06,1.276776010488513e-06,0.0003222784885385932,0.00010888808073634592,0.14249888086672957
0.0004287046536625614,0.6521665085362841,7.466990123406684e-07,7.466990123406684e-07,0.00031907814046045683,0.00010887981418976387,0.14246364765648514
0.0004250201959972334,0.6465615311446972,2.4747608916331107e-07,2.4747608916331107e-07,0.00031590117238093304,0.00010887154752713703,0.14238635734145413
0.0004216284743963326,0.641401878186678,1.6377974327991805e-08,1.6377974327991805e-08,0.00031274881626267275,0.00010886328015933188,0.1422671231083949
0.00041848593981562757,0.6366213007239803,9.167536087688905e-09,9.167536087688905e-09,0.00030962176050147527,0.00010885501177806462,0.14214577499322537
0.0004153931130931619,0.6319163412889335,2.6258367733755344e-08,2.6258367733755344e-08,0.0003065201122906792,0.00010884674243474891,0.14203383128232594
0.00041232556568561397,0.627249837985415,4.341480044391788e-08,4.341480044391788e-08,0.00030344367864108503,0.00010883847224408503,0.1419288309246571
0.0004092687065024024,0.6225995941320527,4.620485395695771e-08,4.620485395695771e-08,0.0003003923003781259,0.00010883020127031954,0.14182604768684703
0.000406252416579724,0.6180110662240849,6.458109831045962e-08,6.458109831045962e-08,0.0002973659059103144,0.00010882192957109917,0.14172924800637646
0.0004032206944667721,0.6133990621127127,4.2575522953933756e-08,4.2575522953933756e-08,0.00029436446178522196,0.00010881365715859617,0.14162821488435726
0.0004007099224845209,0.6095795528458869,5.165733802184471e-07,5.165733802184471e-07,0.0002913879646722557,0.00010880538443204677,0.14158817840874885
0.0003987627603738397,0.6066174345100394,1.5292485050145044e-06,1.5292485050145044e-06,0.0002884363996250141,0.00010879711224381116,0.14160867687061285
0.0003980577295812096,0.6055449071499746,3.758807048425566e-06,3.758807048425566e-06,0.0002855100809487151,0.00010878884158406889,0.14170978635779322
0.00039570445886351997,0.6019649965180636,4.313855027104468e-06,4.313855027104468e-06,0.0002826100307180827,0.00010878057311833279,0.1418253528074634
0.0003918154565208916,0.5960488557488577,3.305092573826422e-06,3.305092573826422e-06,0.0002797380572199248,0.00010877230672714044,0.14190956381802922
0.00038702175298783477,0.5887564392345914,1.3612897228417896e-06,1.3612897228417896e-06,0.00027689642161008837,0.00010876404165490463,0.14191752401372543
0.00038327214026516064,0.5830523447797772,4.292440249780051e-07,4.292440249780051e-07,0.00027408711928959535,0.0001087557769505873,0.14186610502408176
0.00038057184263922707,0.578944519824604,5.129956449810639e-07,5.129956449810639e-07,0.00027131133474071626,0.00010874751225352979,0.14182248657184895
0.0003789629610537327,0.576497010385889,1.6543964176022978e-06,1.6543964176022978e-06,0.0002685693165496944,0.00010873924808643593,0.14184546244299373
0.00039132966395860505,0.5953098443186979,1.6737725515656625e-05,1.6737725515656625e-05,0.0002658609512798978,0.00010873098716305059,0.14218821316645922
0.0004254396403968697,0.6471996105014265,5.3530344889724294e-05,5.3530344889724294e-05,0.0002631865613001394,0.00010872273420700602,0.14288470038626686
0.0015272894280128973,2.323387454001258,0.0011580261136173997,0.0011580261136173997,0.0002605488044303767,0.0001087145099651209,0.1461806283182119
0.0015573468483309936,2.369112273400792,0.0011906862156082542,0.0011906862156082542,0.0002579543001950361,0.00010870633252770329,0.14946314271611302
0.0011035920225936555,1.6788382166476432,0.0007394663531274459,0.0007394663531274459,0.00025542747260267934,0.00010869819686353015,0.15204386417332075
0.0008716715181979421,1.3260293905303098,0.000509974280578555,0.000509974280578555,0.00025300714287080587,0.00010869009474858119,0.15415367988789724
0.0007294897336226924,1.1097354986126244,0.0003700823893839026,0.0003700823893839026,0.0002507253238517615,0.00010868202038702823,0.15590810821919227
0.0005567895785624524,0.8470155673334009,0.0001995108240026894,0.0001995108240026894,0.0002486047870511125,0.0001086739675086505,0.15712460463874
0.0003674963633509852,0.5590534605557135,1.216871739289743e-05,1.216871739289743e-05,0.000246661721741735,0.0001086659242163527,0.15718428285986413
0.00035795572896853427,0.5445397804235597,4.392155681570101e-06,4.392155681570101e-06,0.0002449056919810303,0.00010865788130593383,0.1570860800412481
0.0003527391758330888,0.5366041043914183,7.542655821499812e-07,7.542655821499812e-07,0.00024333507355247752,0.00010864983669846126,0.15684926889441728
0.0003505957307623847,0.5333433908067677,1.3859447064864882e-08,1.3859447064864882e-08,0.00024194008247507842,0.00010864178884024142,0.1565293616907397
0.0003493477693026306,0.5314449307339822,4.5043929751699386e-09,4.5043929751699386e-09,0.00024070952776952147,0.00010863373714013398,0.15620802238535786
0.00034825704771696843,0.5297856716561316,0.0,0.0,0.0002396313661518755,0.00010862568156509295,0.1558833579682022
0.00034731123124543144,0.5283468493324441,0.0,0.0,0.0002386936091217747,0.00010861762212365673,0.15556316833030043
0.00034649437986468076,0.5271042150189931,0.0,0.0,0.0002378848209861812,0.00010860955887849957,0.1552473917967404
0.0003457956249195473,0.526041234785406,0.0,0.0,0.0002371941330281169,0.00010860149189143042,0.15493596754266206
0.00034520468858558525,0.5251422735019331,0.0,0.0,0.00023661126736217994,0.00010859342122340534,0.15462883558154117
0.0003447118574460062,0.5243925546433872,0.0,0.0,0.00023612651051146638,0.00010858534693453983,0.1543259367536347
0.00034430795713265424,0.5237781217117522,0.0,0.0,0.0002357306880485354,0.00010857726908411887,0.15402721271458555
0.00034398432799082117,0.5232858012163092,0.0,0.0,0.0002354151402602111,0.00010856918773061008,0.15373260592418425
0.0003437328017291469,0.5229031671523217,0.0,0.0,0.00023517169879747394,0.00010856110293167296,0.15344205963528562
0.00034354567901727,0.5226185069214844,0.0,0.0,0.00023499266427309717,0.0001085530147441728,0.153155517882878
0.00034341570799523136,0.5224207886393765,0.0,0.0,0.00023487078477104224,0.00010854492322418915,0.15287292547330342
0.0003433360636599608,0.5222996297771753,0.0,0.0,0.00023479923523293342,0.00010853682842702738,0.15259422797362596
0.0003433003280954247,0.5222452670867893,0.0,0.0,0.0002347715976881948,0.00010852873040722986,0.15231937170114723
0.00034330247151423724,0.5222485277604287,0.0,0.0,0.0002347818422956505,0.00010852062921858674,0.1520483037130658
0.0003433368340797067,0.5223008017774124,0.0,0.0,0.00023482430916556187,0.0001085125249141448,0.15178097179627945
0.0003433981084784304,0.5223940153927463,0.0,0.0,0.0002348936909322114,0.000108504417546219,0.1515173244573276
0.00034348132321463466,0.5225206057236547,0.0,0.0,0.0002349850160482322,0.00010849630716640246,0.15125731091247302
0.0003435818265985155,0.522673496391861,0.0,0.0,0.00023509363277294024,0.00010848819382557528,0.15100088107791976
0.00034369527140185605,0.5228460741809615,0.0,0.0,0.00023521519382793912,0.00010848007757391693,0.15074798556016586
0.0003438176001551639,0.5230321666697106,0.0,0.0,0.0002353456416942513,0.00010847195846091262,0.15049857564648939
0.00034394503106153953,0.5232260208035079,0.0,0.0,0.00023548119452617425,0.0001084638365353653,0.15025260329556525
0.0003440740445033761,0.5234222823677293,0.0,0.0,0.00023561833265797242,0.0001084557118454037,0.15001002112821143
0.00034420137011888853,0.5236159763279103,0.0,0.0,0.0002357537856803955,0.00010844758443849303,0.14977078241826303
0.00034432397442630614,0.5238024880030623,0.0,0.0,0.0002358845200648635,0.00010843945436144264,0.1495348410835717
0.0003444390489743906,0.5239775450396597,0.0,0.0,0.00023600772731397537,0.00010843132166041523,0.14930215167712937
0.00034454884274015633,0.5241445686916465,4.843684628379021e-09,4.843684628379021e-09,0.00023612081261778904,0.00010842318643773892,0.14908075113942162
0.00034463643273333847,0.5242778148776823,0.0,0.0,0.00023622138399608062,0.00010841504873725784,0.148854320356204
0.000344714200382862,0.5243961188336425,0.0,0.0,0.00023630729183692157,0.00010840690854594043,0.14863101041936697
0.00034477533101543806,0.5244891137448736,0.0,0.0,0.0002363765651079639,0.00010839876590747415,0.14841077831496155
0.0003448179734497062,0.5245539835036563,0.0,0.0,0.00023642735258476126,0.0001083906208649449,0.14819358162189078
0.0003448404407539093,0.5245881618668097,0.0,0.0,0.00023645796729306816,0.00010838247346084114,0.14797937850373857
0.00034484120153041733,0.5245893191972812,0.0,0.0,0.00023646687779334963,0.0001083743237370677,0.14776812770071113
0.0003448188715826016,0.5245553497873895,0.0,0.0,0.00023645269984765363,0.00010836617173494796,0.14755978852168922
0.0003447722059488839,0.5244843597406281,0.0,0.0,0.00023641418845364698,0.0001083580174952369,0.1473543208363906
0.0003447000912893131,0.5243746553897546,0.0,0.0,0.00023635023023118752,0.00010834986105812559,0.14715168506763998
0.00034460153861060175,0.5242247322297585,0.0,0.0,0.00023625983614735104,0.00010834170246325069,0.14695184218374582
0.00034447567631606425,0.5240332643450887,0.0,0.0,0.00023614213456636248,0.00010833354174970177,0.1467547536909817
0.0003443217435674177,0.5237990943112983,0.0,0.0,0.00023599636461139008,0.00010832537895602759,0.1465603816261721
0.0003441390839458981,0.5235212235520257,0.0,0.0,0.0002358218698256524,0.0001083172141202457,0.14636868854937957
0.0003439271394006099,0.5231988031329259,0.0,0.0,0.00023561809212076137,0.00010830904727984856,0.14617963753669325
0.0003436854444724919,0.5228311249748863,0.0,0.0,0.00023538456600068214,0.00010830087847180976,0.14599319217311643
0.00034341362078272296,0.5224176134695186,0.0,0.0,0.00023512091305012882,0.00010829270773259414,0.14580931654555268
0.00034311137177480246,0.5219578174805551,0.0,0.0,0.00023482683667664115,0.00010828453509816133,0.14562797523588766
0.0003427784776999685,0.52145140271542,0.0,0.0,0.0002345021170959935,0.00010827636060397499,0.14544913331416748
0.00034241479083599297,0.5208981444518274,0.0,0.0,0.00023414660655098345,0.00010826818428500951,0.14527275633187003
0.0003420202309297806,0.5202979206048396,0.0,0.0,0.0002337602247540253,0.00010826000617575531,0.14509881031526997
0.0003415947808545665,0.5196507051203832,0.0,0.0,0.00023334295454433934,0.00010825182631022718,0.14492726175889414
0.0003411384824728511,0.5189565616817436,0.0,0.0,0.00023289483775088124,0.0001082436447219699,0.1447580776190682
0.0003406514326965585,0.5182156377160847,0.0,0.0,0.0002324159712524939,0.0001082354614440646,0.1445912253075516
0.0003401337797362277,0.5174281586885345,0.0,0.0,0.00023190650322709174,0.00010822727650913597,0.14442667268526052
0.00033958571953136043,0.5165944226718565,0.0,0.0,0.00023136662958200255,0.00010821908994935789,0.14426438805607703
0.0003390074923543551,0.5157147951801868,0.0,0.0,0.0002307965905578949,0.00010821090179646017,0.14410434016074394
0.00033839937958074517,0.5147897042557629,0.0,0.0,0.0002301966674990122,0.000108202712081733,0.1439464981708437
0.00033776170061875215,0.5138196357980098,0.0,0.0,0.00022956717978271567,0.00010819452083603646,0.14379083168286008
0.0003370948099914115,0.5128051291247263,0.0,0.0,0.00022890848190160925,0.00010818632808980224,0.143637310712322
0.00033639909456482486,0.5117467727555675,0.0,0.0,0.00022822096069178178,0.00010817813387304311,0.14348590568802774
0.00033567497091630926,0.5106452004083433,0.0,0.0,0.00022750503270095265,0.0001081699382153566,0.14333658744634914
0.00033492288283648076,0.5095010871990672,0.0,0.0,0.0002267611416905494,0.00010816174114593138,0.1431893272256139
0.0003341432989595327,0.5083151460370182,0.0,0.0,0.00022598975626597954,0.00010815354269355319,0.14304409666056567
0.00033333671051619286,0.50708812420643,0.0,0.0,0.0002251913676295835,0.00010814534288660935,0.1429008677769003
0.00033250362920406656,0.5058208001267529,0.0,0.0,0.00022436648745097112,0.00010813714175309545,0.1427596129858774
0.00033164458517027495,0.5045139802837433,0.0,0.0,0.00022351564584965393,0.00010812893932062102,0.14262030507900614
0.0003307601251014974,0.5031684963239437,0.0,0.0,0.00022263938948508511,0.00010812073561641227,0.14248291722280454
0.0003298508104167331,0.5017852023054228,0.0,0.0,0.00022173827974941216,0.00010811253066732092,0.14234742295363054
0.0003289172155582603,0.5003649720978988,0.0,0.0,0.00022081289105843328,0.00010810432449982699,0.14221379617258478
0.00032795992637647223,0.4989086969256734,0.0,0.0,0.0002198638092364282,0.00010809611714004399,0.14208201114048338
0.0003269795386044314,0.49741728304704824,0.0,0.0,0.00021889162999070528,0.00010808790861372613,0.14195204247290008
0.0003259766564181432,0.4958916495641433,0.0,0.0,0.00021789695747187335,0.00010807969894626987,0.14182386513527662
0.00032495189107872857,0.49433272635730285,0.0,0.0,0.00021688040291600614,0.0001080714881627224,0.14169745443810064
0.0003239058596528042,0.4927414521384761,0.0,0.0,0.00021584258336502103,0.00010806327628778316,0.14157278603214998
0.0003228391838075524,0.49111877261821735,0.0,0.0,0.00021478412046174096,0.00010805506334581145,0.1414498359038025
0.00032175248867708113,0.48946563878113825,0.0,0.0,0.00021370563931625186,0.00010804684936082927,0.14132858037041068
0.00032064640179683013,0.487783005264874,0.0,0.0,0.0002126077674403033,0.00010803863435652685,0.14120899607573967
0.0003195215521029002,0.48607182883781375,0.0,0.0,0.00021149113374663306,0.00010803041835626712,0.14109105998546864
0.0003183785689933121,0.48433306697104217,0.0,0.0,0.00021035636761022286,0.00010802220138308924,0.1409747493827538
0.0003172180814483284,0.4825676765001293,0.0,0.0,0.00020920409798861337,0.00010801398345971504,0.14086004186385265
0.0003160407172070773,0.4807766123725712,0.0,0.0,0.00020803495259852549,0.0001080057646085518,0.14074691533380865
0.00031484710199784294,0.47896082647686955,0.0,0.0,0.00020684955714614668,0.00010799754485169623,0.1406353480021952
0.00031363785881949037,0.4771212665493996,0.0,0.0,0.00020564853460854944,0.00010798932421094092,0.14052531837891855
0.0003124136072715912,0.47525887515536547,0.0,0.0,0.00020443250456381493,0.00010798110270777625,0.14041680527007816
0.000311174962930929,0.47337458874030897,0.0,0.0,0.00020320208256753293,0.00010797288036339609,0.1403097877738844
0.00030992253677214834,0.47146933674877256,0.0,0.0,0.00020195787957344785,0.00010796465719870051,0.14020424527663244
0.00030865693463041335,0.4695440408068698,0.0,0.0,0.00020070050139611232,0.00010795643323430104,0.14010015744873178
0.0003073787567040237,0.4675996139656398,0.0,0.0,0.0001994305482134991,0.0001079482084905246,0.13999750424079024
0.0003060885970950246,0.4656369600022011,0.0,0.0,0.00019814861410760829,0.00010793998298741636,0.139896265879752
0.00030478704338593373,0.46365697277584733,0.0,0.0,0.00019685528664118923,0.00010793175674474451,0.13979642286508914
0.00030347467625077963,0.46166053563634085,0.0,0.0,0.00019555114646877575,0.00010792352978200386,0.13969795596504503
0.0003021520690987292,0.4596485208817803,0.0,0.0,0.0001942367669803094,0.00010791530211841981,0.13960084621293037
0.00030081978774865084,0.45762178926353075,0.0,0.0,0.00019291271397569917,0.00010790707377295164,0.13950507490346953
0.00029947839013303264,0.45558118953580967,0.0,0.0,0.00019157954536873592,0.00010789884476429674,0.13941062358919767
0.0002981284260297412,0.4535275580476247,0.0,0.0,0.00019023781091884802,0.0001078906151108932,0.13931747407690737
0.00029677043682017424,0.45146171837486393,0.0,0.0,0.0001888880519892494,0.00010788238483092485,0.13922560842414425
0.00029540495527241746,0.449384480990424,0.0,0.0,0.0001875308013300937,0.00010787415394232375,0.13913500893575087
0.00029403250534808196,0.4472966429703607,0.0,0.0,0.0001861665828853086,0.00010786592246277337,0.13904565816045827
0.0002926536020315542,0.44519898773413635,0.0,0.0,0.00018479591162184127,0.00010785769040971296,0.13895753888752463
0.00029126875118044317,0.4430922848171126,0.0,0.0,0.00018341929338010245,0.00010784945780034074,0.13887063414342005
0.0002898784493960654,0.44097728967352573,0.0,0.0,0.00018203722474444868,0.00010784122465161675,0.13878492718855698
0.00028848318391286006,0.43885474350825954,0.0,0.0,0.000180650192932594,0.00010783299098026603,0.13870040151406599
0.00028708343250567455,0.4367253731358039,0.0,0.0,0.0001792586757028916,0.00010782475680278297,0.13861704083861603
0.00028567966341390514,0.43458989086485333,0.0,0.0,0.00017786314127847218,0.00010781652213543298,0.13853482910527787
0.0002842723352815289,0.432448994407081,0.0,0.0,0.0001764640482872721,0.00010780828699425679,0.13845375047843167
0.0002828618971121004,0.43030336680867726,0.0,0.0,0.00017506184571702702,0.00010780005139507338,0.1383737893407162
0.00028144878823783043,0.42815367640331103,0.0,0.0,0.00017365697288434855,0.00010779181535348186,0.1382949302900212
0.0002800334383019086,0.4260005767852375,0.0,0.0,0.00017224985941704233,0.0001077835788848663,0.13821715813652036
0.0002786162672532602,0.42384470680132263,0.0,0.0,0.00017084092524886237,0.00010777534200439781,0.13814045789974522
0.0002771976853529722,0.42168669056081837,0.0,0.0,0.0001694305806259354,0.0001077671047270368,0.13806481480570007
0.0002757780931916607,0.4195271374617826,0.0,0.0,0.0001680192261241232,0.00010775886706753747,0.13799021428401598
0.00027435788171707454,0.41736664223307196,0.0,0.0,0.00016660725267662516,0.00010775062904044938,0.13791664196514414
0.0002729374322712756,0.4152057849909013,0.0,0.0,0.0001651950416111553,0.00010774239066012026,0.13784408367758816
0.00027151711663676013,0.41304513130900655,0.0,0.0,0.00016378296469606013,0.00010773415194069997,0.1377725254451743
0.0002700972970909145,0.41088523230148477,0.0,0.0,0.00016237138419477272,0.00010772591289614177,0.13770195348435946
0.0002686783264682338,0.40872662471744486,0.0,0.0,0.00016096065292802757,0.00010771767354020625,0.13763235420157605
0.0002672605482297514,0.4065698310466264,0.0,0.0,0.000159551114343288,0.00010770943388646335,0.1375637141906137
0.0002658442965391591,0.40441535963519837,0.0,0.0,0.00015814310259086475,0.00010770119394829436,0.13749602023003693
0.0002644298963451254,0.40226370481098445,0.0,0.0,0.00015673694260622906,0.00010769295373889633,0.1374292592806385
0.0002630176634693307,0.4001153470173876,0.0,0.0,0.00015533295019804784,0.00010768471327128285,0.13736341848292755
0.0002616079046997801,0.3979707529553416,0.0,0.0,0.00015393143214149243,0.00010767647255828767,0.13729848515465295
0.0002602009178889598,0.3958303757326313,0.0,0.0,0.00015253268627639358,0.00010766823161256624,0.13723444678836033
0.0002587969920564368,0.39369465501997225,0.0,0.0,0.0001511370016098374,0.00010765999044659939,0.1371712910489827
0.00025739640749551163,0.3915640172132566,0.0,0.0,0.00014974465842281716,0.00010765174907269447,0.1371090057714648
0.00025599943588356365,0.3894388756014151,0.0,0.0,0.00014835592838057543,0.00010764350750298819,0.1370475789584195
0.0002546063403957391,0.38731963053936524,0.0,0.0,0.00014697107464628937,0.00010763526574944974,0.1369869987778172
0.0002532173758216527,0.3852066696255434,0.0,0.0,0.00014559035199777058,0.00010762702382388211,0.1369272535607065
0.0002518327886847924,0.38310036788354934,0.0,0.0,0.00014421400694686725,0.00010761878173792518,0.13686833179896665
0.0002504528173643296,0.3810010879474496,0.0,0.0,0.00014284227786127347,0.00010761053950305617,0.13681022214309094
0.0002490776922190604,0.378909180250323,0.0,0.0,0.00014147539508846556,0.00010760229713059482,0.13675291340000026
0.00024770763571320447,0.3768249832156326,0.0,0.0,0.00014011358108150106,0.00010759405463170339,0.13669639453088747
0.00024634286254381847,0.3747488234510524,0.0,0.0,0.00013875705052642973,0.00010758581201738871,0.13664065464909073
0.0002449835797695862,0.37268101594439,0.0,0.0,0.00013740601047107972,0.00010757756929850645,0.13658568301799692
0.0002436299869407561,0.37062186426125315,0.0,0.0,0.0001360606604549956,0.00010756932648576049,0.13653146904897312
0.00024228227623002374,0.36857166074415515,0.0,0.0,0.00013472119264031697,0.00010756108358970677,0.13647800229932733
0.00024094063256415433,0.3665306867127452,0.0,0.0,0.00013338779194339896,0.00010755284062075537,0.1364252724702969
0.0002396052337561577,0.36449921266487967,0.0,0.0,0.00013206063616698645,0.00010754459758917125,0.1363732694050648
0.000238276250637843,0.3624774984782705,0.0,0.0,0.00013073989613276586,0.00010753635450507714,0.1363219830868033
0.00023695384719258343,0.3604657936124537,0.0,0.0,0.00012942573581412796,0.00010752811137845545,0.1362714036367442
0.0002356381806881363,0.3584643373108415,0.0,0.0,0.0001281183124689856,0.00010751986821915072,0.1362215213122765
0.00023432940180937012,0.3564733588026333,0.0,0.0,0.00012681777677249977,0.00010751162503687035,0.13617232650506925
0.00023302765479076291,0.3544930775043789,0.0,0.0,0.00012552427294957582,0.0001075033818411871,0.13612380973922122
0.0002317330775485422,0.35252370322099613,0.0,0.0,0.0001242379389070016,0.00010749513864154063,0.1360759616694353
0.00023044580181234674,0.35056543634606063,0.0,0.0,0.00012295890636510607,0.00010748689544724068,0.13602877307921876
0.00022916595325629257,0.34861846806119096,0.0,0.0,0.00012168730098882626,0.0001074786522674663,0.1359822348791077
0.00022789365162934722,0.3466829805343793,0.0,0.0,0.00012042324251807654,0.00010747040911127068,0.13593633810491632
0.00022662901088490287,0.34475914711710515,0.0,0.0,0.00011916684489732263,0.00010746216598758024,0.13589107391601032
0.0002253721393094668,0.34284713254010496,0.0,0.0,0.00011791821640426883,0.00010745392290519797,0.13584643359360385
0.00022412313965037818,0.3409470931076616,0.0,0.0,0.0001166774597775733,0.0001074456798728049,0.13580240853908027
0.00022288210924247443,0.3390591768902953,0.0,0.0,0.00011544467234351341,0.00010743743689896101,0.13575899027233573
0.00022164914013363528,0.33718352391574735,0.0,0.0,0.00011421994614152775,0.00010742919399210752,0.13571617043014594
0.00022042431920913695,0.3353202663581538,0.0,0.0,0.00011300336804856796,0.00010742095116056899,0.13567394076455497
0.00021920772831475195,0.3334695287253112,0.0,0.0,0.00011179501990219828,0.00010741270841255366,0.13563229314128672
0.00021799944437854283,0.3316314280439544,0.0,0.0,0.00011059497862238658,0.00010740446575615623,0.13559121953817815
0.00021679953953129293,0.32980607404296264,0.0,0.0,0.0001094033163319342,0.00010739622319935873,0.1355507120436338
0.0002156080812255303,0.32799356933442414,0.0,0.0,0.00010822010047549743,0.00010738798075003286,0.13551076285510225
0.00021442513235309807,0.32619400959248973,0.0,0.0,0.00010704539393715807,0.00010737973841594001,0.1354713642775727
0.0002132507513612376,0.3244074837299647,0.0,0.0,0.00010587925515650312,0.00010737149620473447,0.13543250872209311
0.00021208499236714383,0.32263407407257544,0.0,0.0,0.00010472173824317963,0.00010736325412396419,0.13539418870430836
0.00021092790527096417,0.32087385653086936,0.0,0.0,0.00010357289308989254,0.00010735501218107161,0.13535639684301853
0.0002097795358672141,0.31912690076970546,0.0,0.0,0.00010243276548381803,0.00010734677038339609,0.13531912585875716
0.00020863992595458318,0.31739327037529685,0.0,0.0,0.00010130139721640778,0.00010733852873817539,0.13528236857238918
0.00020750911344410874,0.3156730230197695,0.0,0.0,0.0001001788261915629,0.00010733028725254585,0.1352461179037278
0.00020638713246570425,0.31396621062321894,0.0,0.0,9.906508653215883e-05,0.00010732204593354542,0.13521036687017127
0.00020527401347301928,0.3122728795132278,0.0,0.0,9.796020868490593e-05,0.00010731380478811334,0.13517510858535708
0.00020416978334662555,0.31059307058183794,0.0,0.0,9.686421952353261e-05,0.00010730556382309295,0.1351403362578363
0.00020307446549551364,0.3089268194399518,0.0,0.0,9.577714245028081e-05,0.00010729732304523284,0.1351060431897649
0.00020198807995689143,0.3072741565691512,0.0,0.0,9.46989974957053e-05,0.00010728908246118611,0.1350722227756138
0.00020091064349428688,0.30563510747093553,0.0,0.0,9.362980141677178e-05,0.00010728084207751509,0.13503886850089653
0.00019984216969393885,0.3040096928133565,0.0,0.0,9.256956779324902e-05,0.00010727260190068981,0.13500597394091438
0.00019878266905948451,0.30239792857506126,0.0,0.0,9.151830712239414e-05,0.00010726436193709036,0.13497353275951884
0.00019773214910493922,0.3007998261867379,0.0,0.0,9.04760269119307e-05,0.00010725612219300852,0.1349415387078912
0.0001966906144459697,0.2992153926699645,0.0,0.0,8.944273177132157e-05,0.00010724788267464813,0.13490998562333875
0.00019565806688946633,0.29764463077347125,0.0,0.0,8.841842350134003e-05,0.00010723964338812629,0.13487886742810795
0.0010968903633157626,1.668643324440797,0.0009022558359882086,0.0009022558359882086,8.740310118194421e-05,0.00010723142614560985,0.13795271081591645
0.001736883981163128,2.6422329500051323,0.0015432639619876844,0.0015432639619876844,8.639676125846122e-05,0.00010722325791698237,0.14177608407754155
0.0017954456369931834,2.7313198080331587,0.0016028119155403258,0.0016028119155403258,8.54185775352591e-05,0.00010721514391759839,0.1455965697107353
0.0001917198025831128,0.29165355029318035,2.457594145402196e-09,2.457594145402196e-09,8.451028891377362e-05,0.00010720705607519378,0.14542393276659824
0.00019095153355858194,0.2904848218386037,3.687117416132786e-08,3.687117416132786e-08,8.371569577999206e-05,0.00010719896660442854,0.14527024976924208
0.00019030871748936974,0.2895069385618359,6.662159587446243e-08,6.662159587446243e-08,8.305122018667183e-05,0.00010719087570682344,0.14512637143605076
0.00018973001913664077,0.2886265942945866,3.947654057060907e-08,3.947654057060907e-08,8.250775917959933e-05,0.00010718278341647082,0.14497756985096244
0.00019042559429427748,0.2896847372797513,1.1740878596770796e-06,1.1740878596770796e-06,8.207681600093428e-05,0.00010717469043366612,0.14493335442694508
0.0001890858953411592,0.2876467216405916,1.6897373419195397e-07,1.6897373419195397e-07,8.175032465987047e-05,0.00010716659694709679,0.1448118966416552
0.00018879985491799162,0.2872115829443265,1.2013482008410488e-07,1.2013482008410488e-07,8.152121772189135e-05,0.00010715850237601616,0.144684630181999
0.0001885988603584883,0.2869058201797142,6.553003443554513e-08,6.553003443554513e-08,8.13829237057708e-05,0.00010715040661828196,0.1445485886980449
0.00018848147695174912,0.2867272507942897,1.0500542065760887e-08,1.0500542065760887e-08,8.132866690930876e-05,0.0001071423095003746,0.14439656101180312
0.00018860687450425337,0.2869180116906247,1.2075686887576557e-07,1.2075686887576557e-07,8.135190650978418e-05,0.00010713421112559343,0.14427513486136206
0.0001886200482044572,0.28693805216835927,4.76708124169816e-08,4.76708124169816e-08,8.144626577777483e-05,0.00010712611161426539,0.14414036579852418
0.00018872820913772953,0.28710259187561366,4.426779533324299e-09,4.426779533324299e-09,8.160577159606031e-05,0.00010711801076213589,0.14398978141388155
0.00018893475938721948,0.2874168062278404,0.0,0.0,8.18248509683383e-05,0.00010710990841888117,0.1438335183623457
0.00018919983145059585,0.2878200468285798,0.0,0.0,8.209802689053148e-05,0.00010710180456006437,0.14367940905056142
0.0001895136642440414,0.28829746463922634,0.0,0.0,8.24199650282448e-05,0.0001070936992157966,0.14352742379400082
0.00018987117322271933,0.2888413248012349,0.0,0.0,8.27855808069472e-05,0.00010708559241577213,0.14337753331727132
0.000190267561396095,0.28944432989774355,0.0,0.0,8.319007720681907e-05,0.00010707748418927592,0.14322970874847685
0.00019069830628737423,0.29009960011563235,0.0,0.0,8.362893172218658e-05,0.00010706937456518765,0.14308392161365624
0.0001911591474215879,0.29080065421178547,0.0,0.0,8.409788384959932e-05,0.00010706126357198857,0.14294014383129902
0.0001916474761082161,0.2915435237184624,1.4017552745481667e-09,1.4017552745481667e-09,8.45929230845003e-05,0.00010705315126844126,0.14280271529811983
0.00019215531508884144,0.2923160732395921,0.0,0.0,8.511027740716503e-05,0.00010704503768167641,0.14266281332142625
0.0001926833520304796,0.2931193488879068,0.0,0.0,8.564642922241788e-05,0.00010703692280806173,0.1425248395833378
0.00019322688234346187,0.29394619381126585,0.0,0.0,8.619807566891417e-05,0.00010702880667454768,0.14238876750736004
0.00019378278115001832,0.2947918542926115,0.0,0.0,8.676209184230494e-05,0.00010702068930771338,0.1422545708832964
0.00019434812072673607,0.29565187653574676,0.0,0.0,8.733554999296662e-05,0.00010701257073376946,0.14212222386219983
0.0001949201611623459,0.29652209245350275,0.0,0.0,8.791571018378023e-05,0.00010700445097856566,0.14199170095139382
0.0001954963414030827,0.29739860604550283,0.0,0.0,8.850001133548872e-05,0.00010699633006759396,0.14186297700956177
0.0001960742706707174,0.29827778034285235,0.0,0.0,8.90860626447239e-05,0.00010698820802599348,0.14173602724190443
0.0001966517202388982,0.29915622489790655,0.0,0.0,8.96716353603414e-05,0.00010698008487855679,0.14161082719536397
0.0001972266155539616,0.30003078379806214,0.0,0.0,9.025465490422848e-05,0.0001069719606497331,0.14148735275391366
0.0001977970286868928,0.30089852418331076,0.0,0.0,9.083319332325843e-05,0.00010696383536363436,0.14136558013391282
0.0001983611711035945,0.30175672524801656,0.0,0.0,9.140546205955576e-05,0.00010695570904403873,0.1412454858795254
0.0001989173867411049,0.30260286770812145,0.0,0.0,9.196980502670865e-05,0.00010694758171439625,0.14112704685820213
0.00019946414537785532,0.3034346237156553,0.0,0.0,9.25246919800225e-05,0.00010693945339783281,0.14101024025622466
0.00020000003628650032,0.30424984720311127,0.0,0.0,9.306871216934651e-05,0.0001069313241171538,0.1408950435743112
0.00020052376215828096,0.3050465646408887,0.0,0.0,9.360056826343095e-05,0.00010692319389485001,0.14078143462328258
0.00020103413328828243,0.30582296619162336,0.0,0.0,9.411907053518114e-05,0.0001069150627531013,0.14066939151978836
0.0002015300620113499,0.30657739724582955,0.0,0.0,9.462313129756853e-05,0.00010690693071378136,0.14055889268209157
0.00020201055737880007,0.3073083503238535,0.0,0.0,9.511175958033951e-05,0.00010689879779846056,0.1404499168259115
0.00020247472006644168,0.30801445732970445,0.0,0.0,9.55840560380298e-05,0.00010689066402841187,0.1403424429603244
0.00020292173750475855,0.30869448214285106,0.0,0.0,9.603920808014523e-05,0.00010688252942461332,0.14023645038371946
0.00020335087922246413,0.3093473135346082,0.0,0.0,9.64764852147106e-05,0.00010687439400775353,0.14013191867981192
0.00020376149239495326,0.3099719583962244,0.0,0.0,9.689523459671785e-05,0.00010686625779823541,0.14002882771371025
0.00020415299758949856,0.3105675352662655,0.0,0.0,9.729487677332009e-05,0.00010685812081617847,0.13992715762803767
0.0002045248846993501,0.31113326814536885,0.0,0.0,9.767490161792488e-05,0.00010684998308142522,0.13982688883910746
0.00020487670905917695,0.31166848058686225,0.0,0.0,9.803486444563376e-05,0.0001068418446135432,0.13972800203315036
0.00020520808773458887,0.31217259005220255,0.0,0.0,9.837438230275907e-05,0.0001068337054318298,0.1396304781625949
0.00020551869597873804,0.3126451025205855,0.0,0.0,9.869313042342309e-05,0.00010682556555531496,0.13953429844239792
0.00020580826384927257,0.3130856073424889,0.0,0.0,9.899083884650685e-05,0.00010681742500276572,0.1394394443464266
0.0002060765729791618,0.31349377232729453,0.0,0.0,9.926728918647259e-05,0.00010680928379268923,0.13934589760388963
0.00020632345349516344,0.3138693390555091,0.0,0.0,9.952231155182572e-05,0.00010680114194333772,0.13925364019581818
0.00020654878107793088,0.314212118406456,0.0,0.0,9.975578160522131e-05,0.00010679299947270957,0.13916265435159492
0.0002067524741580003,0.31452198629267325,0.0,0.0,9.996761775944492e-05,0.0001067848563985554,0.139072922545531
0.00020693449124209814,0.3147988795925613,0.0,0.0,0.00010015777850371895,0.00010677671273837919,0.13898442749349058
0.0002070948283644395,0.3150427922731744,0.0,0.0,0.00010032625985499595,0.00010676856850944353,0.13889715214956108
0.00020723351665787504,0.3152537716953289,0.0,0.0,0.00010047309292910342,0.00010676042372877164,0.13881107970277018
0.0002073506200399548,0.31543191509353163,0.0,0.0,0.00010059834162680275,0.00010675227841315204,0.13872619357384736
0.00020744623300915192,0.31557736622348637,0.0,0.0,0.00010070210043001158,0.00010674413257914033,0.1386424774120308
0.00020752047854668578,0.31569031217024524,0.0,0.0,0.00010078449230362274,0.00010673598624306302,0.1385599150919176
0.00020757350611954809,0.31577098031031403,0.0,0.0,0.00010084566669852724,0.00010672783942102083,0.13847849071035775
0.00020760548978051083,0.31581963542129093,0.0,0.0,0.00010088579765161893,0.0001067196921288919,0.13839818858339098
0.0002076166263610546,0.3158365769328612,0.0,0.0,0.00010090508197872014,0.00010671154438233445,0.13831899324322555
0.0002076071337533151,0.3158221363132097,0.0,0.0,0.00010090373755652533,0.00010670339619678977,0.13824088943525903
0.00020757724927729607,0.31577667458514525,0.0,0.0,0.00010088200168981042,0.00010669524758748565,0.1381638621151398
0.00020752722812974024,0.3157005799664474,0.0,0.0,0.00010084012956030097,0.00010668709856943929,0.1380878964458694
0.00020745734191119313,0.3155942656291635,0.0,0.0,0.00010077839275373308,0.00010667894915746005,0.13801297779494442
0.00020736787722792652,0.31545816757278633,0.0,0.0,0.00010069707786177508,0.00010667079936615144,0.137939091731538
0.00020725913436552527,0.3152927426064498,0.0,0.0,0.00010059648515560893,0.00010666264920991635,0.13786622402372034
0.0002071314260310514,0.31509846643544664,0.0,0.0,0.00010047692732809482,0.0001066544987029566,0.13779436063571715
0.0002069850761608417,0.3148758318475922,0.0,0.0,0.00010033872830156313,0.0001066463478592786,0.1377234877252063
0.0002068204187910889,0.31462534699509764,0.0,0.0,0.00010018222209839441,0.0001066381966926945,0.13765359164065125
0.00020663779698848432,0.31434753376780994,0.0,0.0,0.00010000775177165932,0.000106630045216825,0.13758465891867178
0.0002064375618383005,0.31404292625383506,0.0,0.0,9.981566839319837e-05,0.00010662189344510216,0.1375166762814503
0.0002062200714873974,0.31371206928371115,0.0,0.0,9.960633009662483e-05,0.00010661374139077258,0.1374496306341748
0.00020598569023973294,0.3133555170544553,0.0,0.0,9.938010117283434e-05,0.00010660558906689861,0.13738350906251587
0.0002057347877020617,0.31297383182995875,0.0,0.0,9.913735121569936e-05,0.00010659743648636235,0.13731829883013977
0.0002054677379775887,0.3125675827143328,0.0,0.0,9.887845431572147e-05,0.00010658928366186723,0.13725398737625477
0.00020518491890544134,0.3121373444949572,0.0,0.0,9.860378829950088e-05,0.00010658113060594045,0.13719056231319188
0.00020488671134390597,0.31168369655210393,0.0,0.0,9.831373401296985e-05,0.0001065729773309361,0.13712801142401862
0.00020457349849545617,0.3112072218321375,0.0,0.0,9.800867464641892e-05,0.00010656482384903727,0.13706632266018576
0.00020424566527168034,0.31070850588141125,0.0,0.0,9.768899509942324e-05,0.00010655667017225711,0.13700548413920688
0.00020390359769629796,0.3101881359381071,0.0,0.0,9.735508138385378e-05,0.00010654851631244417,0.13694548414236893
0.0002035476823445117,0.3096467000793501,0.0,0.0,9.70073200632306e-05,0.0001065403622812811,0.13688631111247562
0.00020317830581703707,0.3090847864210766,0.0,0.0,9.664609772674721e-05,0.00010653220809028986,0.13682795365162082
0.00020279585424719373,0.30850298236819773,0.0,0.0,9.627180049636153e-05,0.00010652405375083221,0.1367704005189934
0.0002024007128395278,0.3079018739127284,0.0,0.0,9.588481356541587e-05,0.00010651589927411193,0.1367136406287118
0.00020199326543848898,0.30728204497763867,0.0,0.0,9.548552076730997e-05,0.00010650774467117902,0.1366576630476888
0.00020157389412574122,0.3066440768042625,0.0,0.0,9.507430417281286e-05,0.00010649958995292836,0.1366024569935256
0.0002011429788447622,0.30598854738122006,0.0,0.0,9.465154371465648e-05,0.00010649143513010574,0.13654801183243467
0.00020070089705141687,0.3053160309128534,0.0,0.0,9.421761683811056e-05,0.00010648328021330631,0.1364943170771919
0.00020024802338927179,0.3046270973252986,0.0,0.0,9.37728981762921e-05,0.00010647512521297967,0.13644136238511623
0.00019978472938844336,0.3039223118083587,0.0,0.0,9.331775924901412e-05,0.00010646697013942922,0.13638913755607748
0.00019931138318684594,0.3032022343914532,0.0,0.0,9.285256818402873e-05,0.00010645881500281722,0.13633763253053174
0.0001988283492727305,0.30246741955195483,0.0,0.0,9.237768945956726e-05,0.00010645065981316324,0.13628683738758354
0.00019833598824747423,0.30171841585433357,0.0,0.0,9.189348366712565e-05,0.00010644250458034858,0.13623674234307503
0.00019783465660760653,0.3009557656185639,0.0,0.0,9.140030729348867e-05,0.00010643434931411785,0.1361873377477012
0.00019732470654510841,0.3001800046163308,0.0,0.0,9.089851252102785e-05,0.00010642619402408058,0.13613861408515132
0.00019680648576506142,0.299391661793628,0.0,0.0,9.038844704534988e-05,0.00010641803871971156,0.13609056197027594
0.00019628033731976702,0.29859125901841216,0.0,0.0,8.987045390941088e-05,0.00010640988341035613,0.13604317214727915
0.00019574659945847858,0.2977793108520083,0.0,0.0,8.934487135325007e-05,0.00010640172810522852,0.13599643548793564
0.00019520560549194822,0.2969563243430515,0.0,0.0,8.881203267853237e-05,0.00010639357281341585,0.1359503429898324
0.00019465768367100372,0.29612279884277204,0.0,0.0,8.827226612712474e-05,0.00010638541754387898,0.13590488577463472
0.00019410315707841827,0.29527922584050265,0.0,0.0,8.772589477296426e-05,0.00010637726230545401,0.1358600550863761
0.00019354234353336283,0.29442608881832666,0.0,0.0,8.717323642650804e-05,0.00010636910710685478,0.13581584228977164
0.00019297555550776025,0.29356386312383176,0.0,0.0,8.661460355108622e-05,0.00010636095195667403,0.13577223886855463
0.00019240310005389448,0.2926930158599855,0.0,0.0,8.605030319050911e-05,0.00010635279686338536,0.13572923642383633
0.0001918252787426524,0.29181400579118594,0.0,0.0,8.548063690730751e-05,0.0001063446418353449,0.13568682667248788
0.00019124238761180544,0.2909272832645851,0.0,0.0,8.490590073101338e-05,0.00010633648688079206,0.13564500144554512
0.00019065471712376652,0.29003329014582635,0.0,0.0,8.432638511591376e-05,0.00010632833200785274,0.13560375268663497
0.00019006255213227548,0.28913245976836544,0.0,0.0,8.374237490773616e-05,0.00010632017722453932,0.1355630724504235
0.00018946617185750095,0.2882252168955932,0.0,0.0,8.315414931874824e-05,0.00010631202253875269,0.13552295290108568
0.000188865849869063,0.28731197769500993,0.0,0.0,8.256198191077759e-05,0.0001063038679582854,0.13548338631079593
0.00018826185407649952,0.2863931497237214,0.0,0.0,8.196614058567978e-05,0.00010629571349081974,0.1354443650582396
0.00018765444672673703,0.28546913192459183,0.0,0.0,8.13668875828042e-05,0.00010628755914393282,0.13540588162714498
0.0001870438844081246,0.28454031463238044,0.0,0.0,8.076447948302834e-05,0.00010627940492509626,0.13536792860483546
0.00018643041806062644,0.2836070795892468,0.0,0.0,8.015916721894987e-05,0.00010627125084167659,0.13533049868080177
0.00018581429299178564,0.2826697999690357,0.0,0.0,7.955119609084605e-05,0.00010626309690093958,0.13529358464529387
0.0001851957488980761,0.2817288404097587,0.0,0.0,7.8940805788027e-05,0.0001062549431100491,0.1352571793879321
0.00018457501989129768,0.28078455705374805,0.0,0.0,7.832823041522775e-05,0.00010624678947606991,0.1352212758963376
0.0001839523345296681,0.2798372975949546,0.0,0.0,7.771369852370007e-05,0.00010623863600596803,0.13518586725478154
0.00018332791585329465,0.27888740133290973,0.0,0.0,7.709743314668148e-05,0.00010623048270661317,0.13515094664285318
0.00018270198142371265,0.2779351992328727,0.0,0.0,7.647965183893394e-05,0.0001062223295847787,0.13511650733414612
0.00018207474336720455,0.2769810139917301,0.0,0.0,7.586056672005967e-05,0.00010621417664714489,0.1350825426949623
0.00018144640842161335,0.2760251601092106,0.0,0.0,7.524038452131528e-05,0.00010620602390029807,0.1350490461830347
0.00018081717798639385,0.2750679439640253,0.0,0.0,7.461930663566003e-05,0.00010619787135073384,0.1350160113462668
0.00018018724817564182,0.27410966389453845,0.0,0.0,7.399752917078514e-05,0.00010618971900485667,0.13498343182149003
0.0001795568098738682,0.2731506102836139,0.0,0.0,7.337524300488547e-05,0.00010618156686898272,0.1349513013332379
0.0001789260487942842,0.27219106564728096,0.0,0.0,7.275263384494518e-05,0.00010617341494933901,0.13491961369253744
0.00017829514553938922,0.2712313047269041,0.0,0.0,7.21298822873218e-05,0.00010616526325206741,0.13488836279571687
0.00017766427566364584,0.2702715945845269,0.0,0.0,7.150716388042273e-05,0.00010615711178322309,0.13485754262322996
0.00017703360973805697,0.2693121947011101,0.0,0.0,7.088464918927969e-05,0.00010614896054877726,0.1348271472384967
0.00017640331341645468,0.2683533570773735,0.0,0.0,7.026250386183623e-05,0.00010614080955461843,0.1347971707867596
0.0001757735475033254,0.2673953263369748,0.0,0.0,6.964088869677263e-05,0.00010613265880655276,0.13476760749395594
0.0001751444680230078,0.2664383398317771,0.0,0.0,6.901995971270256e-05,0.00010612450831030524,0.13473845166560586
0.00017451622629010622,0.2654826277489647,0.0,0.0,6.839986821858404e-05,0.00010611635807152218,0.13470969768571506
0.00017388896898096483,0.2645284132197737,0.0,0.0,6.778076088519534e-05,0.0001061082080957695,0.1346813400156934
0.0001732628382060729,0.2635759124296381,0.0,0.0,6.716277981753565e-05,0.00010610005838853724,0.1346533731932879
0.0001726379715832545,0.26262533472952976,0.0,0.0,6.654606262801663e-05,0.00010609190895523786,0.13462579183153067
0.00017201450231152848,0.2616768827483174,0.0,0.0,6.593074251031942e-05,0.00010608375980120907,0.13459859061770116
0.00017139255924551183,0.2607307525059531,0.0,0.0,6.531694831379794e-05,0.00010607561093171389,0.13457176431230286
0.00017077226697025832,0.2597871335273205,0.0,0.0,6.470480461831656e-05,0.00010606746235194175,0.13454530774805418
0.00017015374587642674,0.258846208956584,0.0,0.0,6.409443180941657e-05,0.00010605931406701016,0.1345192158288931
0.00016953711223567582,0.2579081556718835,0.0,0.0,6.34859461537111e-05,0.0001060511660819647,0.13449348352899546
0.00016892247827619714,0.25697314440023883,0.0,0.0,6.287945987441578e-05,0.00010604301840178136,0.1344681058918069
0.0001683099522582916,0.25604133983252,0.0,0.0,6.227508122692617e-05,0.00010603487103136544,0.13444307802908817
0.0001676996385499152,0.2551129007383716,0.0,0.0,6.167291457435973e-05,0.00010602672397555545,0.1344183951199737
0.0001670916377021053,0.25418798008095467,0.0,0.0,6.107306046298411e-05,0.0001060185772391212,0.1343940524100427
0.00016648604652422518,0.2532667251314124,0.0,0.0,6.0475615697459074e-05,0.0001060104308267661,0.1343700452104037
0.0001658829581589521,0.2523492775829456,0.0,0.0,5.9880673415824e-05,0.00010600228474312808,0.13434636889679102
0.00016528246215694723,0.2514357736644046,0.0,0.0,5.9288323164167e-05,0.00010599413899278023,0.1343230189086743
0.00016468464455114852,0.2505263442533067,0.0,0.0,5.8698650970915965e-05,0.00010598599358023257,0.13429999074838006
0.0001640895879306266,0.24962111498818976,0.0,0.0,5.811173942069624e-05,0.00010597784850993035,0.1342772799802252
0.0001634973715139607,0.24872020638023504,0.0,0.0,5.752766772770266e-05,0.00010596970378625805,0.1342548822296627
0.00016290807122207752,0.24782373392407323,0.0,0.0,5.69465118085385e-05,0.00010596155941353902,0.13423279318243894
0.00016232175975051174,0.24693180820771096,0.0,0.0,5.6368344354476276e-05,0.00010595341539603545,0.13421100858376275
0.0001617385066410494,0.24604453502151785,0.0,0.0,5.579323490309904e-05,0.00010594527173795035,0.1341895242374859
0.0001611583783527124,0.2451620154662119,0.0,0.0,5.5221249909284326e-05,0.00010593712844342807,0.1341683360052945
0.00016058143833204912,0.24428434605978885,0.0,0.0,5.465245281549504e-05,0.00010592898551655407,0.13414743980591246
0.000160007747082704,0.24341161884335488,0.0,0.0,5.408690412134566e-05,0.00010592084296135837,0.1341268316143149
0.0001594373622342261,0.2425439214858015,0.0,0.0,5.3524661452413124e-05,0.00010591270078181298,0.13410650746095298
0.0001588703386101014,0.24168133738729983,0.0,0.0,5.2965779628266254e-05,0.00010590455898183517,0.1340864634309893
0.0001583067282949765,0.24082394578156432,0.0,0.0,5.2410310729688665e-05,0.00010589641756528784,0.1340666956635438
0.00015774658070105102,0.23997182183685217,0.0,0.0,5.185830416507267e-05,0.00010588827653597836,0.13404720035095002
0.0001571899426336265,0.2391250367556798,0.0,0.0,5.1309806735964394e-05,0.00010588013589766211,0.13402797373802192
0.00015663685835578322,0.23828365787321193,0.0,0.0,5.0764862701741855e-05,0.00010587199565404135,0.13400901212133026
0.00015609437382749678,0.23745840384873387,7.004106384142533e-09,7.004106384142533e-09,5.022351384340985e-05,0.00010586385587770279,0.13400013329468383
0.0001555513351735851,0.23663230686122463,9.818994504077322e-09,9.818994504077322e-09,4.968579952649771e-05,0.0001058557166525833,0.1339931834481334
0.00015500639937474065,0.23580332384395944,7.0039543605987005e-09,7.0039543605987005e-09,4.915181744027789e-05,0.00010584757798010215,0.13398452278480794
0.00015446817378012123,0.23498454871789307,7.003871183662428e-09,7.003871183662428e-09,4.862173005984209e-05,0.00010583943984909547,0.13397598148960954
0.00015393623238361598,0.23417533342167238,9.242067249220045e-09,9.242067249220045e-09,4.809568804494301e-05,0.00010583130227142376,0.13396901806885617
0.0001534068035646386,0.23336994038140288,9.818575630840106e-09,9.818575630840106e-09,4.757381972784159e-05,0.00010582316526116617,0.1339624970771315
0.00015288052329816027,0.2325693370733481,9.24189638514439e-09,9.24189638514439e-09,4.7056252582213416e-05,0.0001058150288195617,0.13395571950928073
0.00015235982645744273,0.23177722754592528,9.818396616503318e-09,9.818396616503318e-09,4.6543115112971663e-05,0.00010580689294785457,0.13394938180889648
0.0001518431013401082,0.23099115999856826,9.81831130585717e-09,9.81831130585717e-09,4.6034525379122904e-05,0.00010579875764967945,0.133943131459747
0.00015133103266257953,0.23021217605542327,9.818227172483481e-09,9.818227172483481e-09,4.553059150920642e-05,0.00010579062292620063,0.1339369672578879
0.00015082372121833773,0.22944042904846848,9.81814420011583e-09,9.81814420011583e-09,4.5031414295573254e-05,0.00010578248877856437,0.1339308880159686
0.00015032125863238962,0.22867605836215021,9.818062372713107e-09,9.818062372713107e-09,4.45370853621159e-05,0.000105774355207901,0.13392489256300363
0.00014982315124173923,0.2279183130121492,9.241419923117954e-09,9.241419923117954e-09,4.404768760892378e-05,0.00010576622221289234,0.13391863329048923
0.00014933120333082282,0.2271699377642878,9.817897426626262e-09,9.817897426626262e-09,4.356329563871431e-05,0.00010575808979468189,0.13391280674191175
0.0001488431732465014,0.2264275225060595,9.241266802071838e-09,9.241266802071838e-09,4.308397402532737e-05,0.00010574995795437196,0.13390671404580048
0.00014836084789433016,0.22569378556568176,9.241189612714908e-09,9.241189612714908e-09,4.26097800140754e-05,0.00010574182669064202,0.13390070532407505
0.00014788146292952605,0.22496452168652833,7.003066303565598e-09,7.003066303565598e-09,4.214076386886272e-05,0.00010573369599435977,0.1338933192675603
0.0001474117739918556,0.22425000787856822,9.24101991662823e-09,9.24101991662823e-09,4.167696710512318e-05,0.00010572556586681579,0.13388749516332707
0.00014694566989464192,0.22354094750542483,9.817478338767837e-09,9.817478338767837e-09,4.1218416094437806e-05,0.00010571743632186536,0.1338820977852197
0.00014648425687761356,0.22283902343313464,9.817405699126411e-09,9.817405699126411e-09,4.076513210895548e-05,0.00010570930736295895,0.13387677479807641
0.00014602813898952413,0.22214515457023593,9.817334061718085e-09,9.817334061718085e-09,4.0317142664383054e-05,0.00010570117899107937,0.1338715251765817
0.00014557734043937778,0.2214593777446511,9.817263412695564e-09,9.817263412695564e-09,3.9874471968770826e-05,0.00010569305120719425,0.13386634790955182
0.0001451318801292943,0.22078172171121013,9.81719373840976e-09,9.81719373840976e-09,3.943713892329867e-05,0.00010568492401225721,0.1338612419997398
0.0001446917719385827,0.22011220758379757,9.817125025401318e-09,9.817125025401318e-09,3.9005157406348986e-05,0.00010567679740720832,0.13385620646364368
0.00014425157226653632,0.21944255429049955,4.364355265966535e-09,4.364355265966535e-09,3.85785365454846e-05,0.00010566867136578576,0.13384736647884823
0.00014381784235312038,0.21878274311078968,1.5564272705776122e-11,1.5564272705776122e-11,3.8157280977798964e-05,0.0001056605458110487,0.1338313573217383
0.0001433938034246508,0.2181376743318509,1.556393087795402e-11,1.556393087795402e-11,3.7741367166296326e-05,0.00010565242069442359,0.13381556881536932
0.00014297499648746885,0.21750056471421725,0.0,0.0,3.733070047177983e-05,0.000105644296015689,0.13379953472966372
0.00014256568024964238,0.21687789281310788,4.364016148924728e-09,4.364016148924728e-09,3.6925144404433096e-05,0.00010563617182906037,0.1337914758394245
0.00014215262948394215,0.21624953976535444,1.5563079393001596e-11,1.5563079393001596e-11,3.652456578104848e-05,0.00010562804813981428,0.13377623701087832
0.00014174882303274417,0.21563524962142358,1.556275406278727e-11,1.556275406278727e-11,3.612888257076361e-05,0.0001056199248992265,0.13376120821580156
0.00014134983554054033,0.21502829031385085,1.5562433229788497e-11,1.5562433229788497e-11,3.573801786792917e-05,0.00010561180211017791,0.13374638655934845
0.0001409555474598018,0.21442847998108241,1.5562116831801298e-11,1.5562116831801298e-11,3.5351852122176315e-05,0.00010560367977550865,0.13373176918657223
0.00014056584465056983,0.2138356449878247,1.5561804807204023e-11,1.5561804807204023e-11,3.497027119074613e-05,0.0001055955578980189,0.13371735328187534
0.00014018061812815663,0.21324961954123473,1.5561497095433818e-11,1.5561497095433818e-11,3.459316608618947e-05,0.00010558743648047004,0.13370313606846693
0.0001397997638216039,0.21267024532347548,1.556119363672192e-11,1.556119363672192e-11,3.4220432734826374e-05,0.00010557931552558388,0.133689114807828
0.00013942753018831113,0.21210398529594754,4.363355560351749e-09,4.363355560351749e-09,3.385197174553984e-05,0.00010557119508721095,0.13368257781208137
0.0001390507789162984,0.21153085281521514,1.5560754852797057e-11,1.5560754852797057e-11,3.3487688188494845e-05,0.0001055630751670487,0.13366883990143233
0.00013868250770405843,0.21097062061659289,1.5560461652342365e-11,1.5560461652342365e-11,3.312753642751525e-05,0.00010555495571608154,0.13365529133742676
0.0001383183236366222,0.21041660598275277,1.5560172503775655e-11,1.5560172503775655e-11,3.277147133954953e-05,0.00010554683673690017,0.133641929510341
0.00013795813747227947,0.20986867315483584,1.5559887351033934e-11,1.5559887351033934e-11,3.241940368033315e-05,0.00010553871823205898,0.13362875184642062
0.0001376018639639303,0.20932669245077995,1.5559606138742424e-11,1.5559606138742424e-11,3.20712482002466e-05,0.00010553060020407753,0.13361575580738455
0.00013724942166777525,0.20879053997429006,1.5559328812267498e-11,1.5559328812267498e-11,3.1726923453008174e-05,0.00010552248265543826,0.13360293888993643
0.00013690073276033485,0.20826009733647877,1.5559055317822566e-11,1.5559055317822566e-11,3.138635161269034e-05,0.0001055143655885892,0.1335902986252822
0.00013655572286345584,0.20773525138965787,1.555878560225631e-11,1.555878560225631e-11,3.1049458298726226e-05,0.000105506249005944,0.13357783257865483
0.00013621432087698786,0.20721589397279758,1.5558519613370322e-11,1.5558519613370322e-11,3.071617240858587e-05,0.00010549813290988239,0.1335655383488449
0.00013587645881882023,0.20670192166818271,1.5558257299442656e-11,1.5558257299442656e-11,3.0386425957813255e-05,0.00010549001730274967,0.1335534135677386
0.00013554207167198508,0.2061932355688185,1.5557998609492515e-11,1.5557998609492515e-11,3.006015392712768e-05,0.00010548190218685879,0.13354145589986105
0.0001352110816775427,0.2056897173839988,0.0,0.0,2.9737294116303364e-05,0.00010547378756123935,0.1335291998530248
0.0001349531423063233,0.20529732738378526,6.968165952600069e-08,6.968165952600069e-08,2.9417787004553018e-05,0.00010546567364224426,0.1335480776683397
0.0001345964072559182,0.20475464455935685,3.7273913244763903e-08,3.7273913244763903e-08,2.9101572755553703e-05,0.00010545756058711975,0.1335583839993155
0.0001342382307929641,0.20420976898758728,0.0,0.0,2.8788782617010385e-05,0.00010544944817595372,0.13354589463615563
0.00013392101174187194,0.2037271998360175,0.0,0.0,2.8479675491194914e-05,0.00010544133625067702,0.13353357741117966
0.00013360752293794904,0.2032503053190745,0.0,0.0,2.8174298124308072e-05,0.00010543322481364096,0.13352142995184438
0.00013329766589872632,0.2027789356204047,0.0,0.0,2.7872552031565e-05,0.0001054251138671613,0.1335094499183068
0.00013299134680133605,0.2023129480120681,0.0,0.0,2.7574343387812618e-05,0.00010541700341352342,0.13349763500297346
0.00013268847626252188,0.20185220651987887,0.0,0.0,2.727958280754318e-05,0.00010540889345497869,0.1334859829300559
0.00013238896912806149,0.20139658160306495,0.0,0.0,2.6988185134313715e-05,0.00010540078399374777,0.13347449145513243
0.0001320927442712183,0.20094594984766267,0.0,0.0,2.670006923919942e-05,0.00010539267503201887,0.13346315836471578
0.00013179972439987325,0.2005001936731163,0.0,0.0,2.6415157827922942e-05,0.00010538456657195029,0.13345198147582657
0.00013150983587198348,0.20005920105154473,0.0,0.0,2.6133377256315165e-05,0.00010537645861566833,0.1334409586355731
0.0001312230085190469,0.19962286523918707,0.0,0.0,2.5854657353775993e-05,0.0001053683511652709,0.1334300877207364
0.0001309391754772408,0.1991910845195227,0.0,0.0,2.5578931254415668e-05,0.00010536024422282514,0.1334193666373614
0.00013118261963483658,0.19956142369108612,5.243460139731267e-07,5.243460139731267e-07,2.5306135235569902e-05,0.00010535213838529356,0.13349357613205276
0.0001364587304112077,0.20758770172254645,6.0784861935428555e-06,6.0784861935428555e-06,2.5036208563393036e-05,0.00010534403565427181,0.13376851447655405
0.00013104908766123347,0.1993582883151141,9.435343336388258e-07,9.435343336388258e-07,2.4769617136356672e-05,0.00010533593619123796,0.1338667134915605
0.00013076013965203332,0.19891872645662093,9.237422281454995e-07,9.237422281454995e-07,2.4508558680290286e-05,0.00010532783874359754,0.133962358697082
0.00013045568705582713,0.19845557826126947,8.807053170203292e-07,8.807053170203292e-07,2.4255238473289138e-05,0.00010531974326551765,0.13405403973121527
0.0001313923198500113,0.19988042992533486,2.0700478053584798e-06,2.0700478053584798e-06,2.4010621916443094e-05,0.00010531165012820973,0.1342025940778858
0.00013527121171436136,0.20578119013997465,6.192081822218405e-06,6.192081822218405e-06,2.3775569327714867e-05,0.00010530356056442809,0.13447025506286575
0.0001331575173991601,0.2025657348611924,4.310833791055911e-06,4.310833791055911e-06,2.3551208561545342e-05,0.00010529547504655885,0.13468673302947085
0.00013309376323765099,0.20246874890930025,4.466693248938135e-06,4.466693248938135e-06,2.3339676763038115e-05,0.00010528739322567473,0.13490447939223943
0.00012853084809078783,0.19552741898751372,1.0814503137247707e-07,1.0814503137247707e-07,2.3143389424460284e-05,0.00010527931363495506,0.13491196581414094
0.00012832635900246277,0.19521634017456554,9.082555526855656e-08,9.082555526855656e-08,2.296429866473413e-05,0.00010527123478246008,0.13491613324951177
0.00012808356412221194,0.1948469887154878,1.747305456595451e-08,1.747305456595451e-08,2.2802934562128494e-05,0.00010526315650551749,0.1349004300405473
0.00012791493134602176,0.19459045628008464,1.3862764495952204e-09,1.3862764495952204e-09,2.265846648086372e-05,0.00010525507858870844,0.13487381115439778
0.0001277769554264225,0.19438056055588765,0.0,0.0,2.2529954498727345e-05,0.00010524700092769517,0.13484319154402746
0.00012765523375416908,0.19419539158856122,0.0,0.0,2.2416310256692598e-05,0.00010523892349747647,0.13481299395710666
0.00012756472149189798,0.19405769990371302,1.7470581606356318e-08,1.7470581606356318e-08,2.2316404497637724e-05,0.0001052308464126539,0.1347987122970981
0.00012746938036994185,0.19391266232109097,1.7470239231722357e-08,1.7470239231722357e-08,2.2229140344977498e-05,0.00010522276978573264,0.13478462747845232
0.0001273857388153265,0.1937854226931186,1.7469901589112495e-08,1.7469901589112495e-08,2.2153575294329267e-05,0.00010521469361940814,0.13477073678814278
0.0001273129985851765,0.1936747666936519,1.746956861294944e-08,1.746956861294944e-08,2.208891110022526e-05,0.00010520661791633828,0.13475703755053609
0.0001272329318628701,0.19355296527561175,0.0,0.0,2.2034389292479738e-05,0.00010519854257039034,0.13472802740542386
0.0001271797569522916,0.1934720729981955,0.0,0.0,2.1989289474879948e-05,0.00010519046747741165,0.13469941710085054
0.00012713522457574475,0.1934043281666868,0.0,0.0,2.1952831932806172e-05,0.00010518239264293859,0.1346712011259006
0.00012709850164775648,0.19334846345067602,0.0,0.0,2.1924183575325333e-05,0.00010517431807243115,0.1346433740456144
0.0001270688021850607,0.1933032831739372,0.0,0.0,2.1902558413788437e-05,0.00010516624377127228,0.1346159304999411
0.00012704538516278117,0.19326766005314788,0.0,0.0,2.188721541801027e-05,0.0001051581697447709,0.13458886520270627
0.00012707788468648002,0.1933170999197756,5.03320441589982e-08,5.03320441589982e-08,2.1877456459616223e-05,0.00010515009618270481,0.1345884750127987
0.00012709367181736568,0.193341116076217,7.902416013004325e-08,7.902416013004325e-08,2.187262433924274e-05,0.00010514202331799289,0.13459473721891702
0.00012716305221693584,0.1934466609369083,1.5683753666755908e-07,1.5683753666755908e-07,2.187226338950043e-05,0.00010513395129076785,0.13461435947997152
0.00012788589912370206,0.19454629104207397,8.838725080553188e-07,8.838725080553188e-07,2.1876145977832824e-05,0.00010512588063781391,0.13469720110521377
0.0001287792080764316,0.1959052363573828,1.7772184122749266e-06,1.7772184122749266e-06,2.1884177551284536e-05,0.00010511781211287214,0.1348245649713127
0.00012878401003257065,0.19591254132816535,1.7775258824609841e-06,1.7775258824609841e-06,2.189673813575982e-05,0.00010510974601434984,0.13495017310351948
0.00012828976898845008,0.1951606776538019,1.2732418086802157e-06,1.2732418086802157e-06,2.1914845029118816e-05,0.00010510168215065105,0.1350502518994115
0.0001274387482571795,0.1938660632514083,4.0541498145594385e-07,4.0541498145594385e-07,2.193971334382472e-05,0.00010509361993189884,0.13509169452616998
0.00013819027363587275,0.21022181005228321,1.1132400729996076e-05,1.1132400729996076e-05,2.1972311776466348e-05,0.00010508556112941031,0.1354439863529052
0.0001274731033800535,0.1939183259463514,3.8257212482422536e-07,3.8257212482422536e-07,2.2013025575644935e-05,0.00010507750567958433,0.13547785907771942
0.00012847110100626795,0.19543652879732412,1.337879421371219e-06,1.337879421371219e-06,2.2063769790185397e-05,0.00010506945179471132,0.13557390236619454
0.0001328503683284837,0.20209848465685742,5.66268591000276e-06,5.66268591000276e-06,2.2126281527793473e-05,0.00010506140089068747,0.1358098957054214
0.00013675032074905892,0.208031283220752,9.496355547709281e-06,9.496355547709281e-06,2.2200610715721237e-05,0.00010505335448562842,0.13612301129723683
0.00012943276490203065,0.19689945899863381,2.0994125229637406e-06,2.0994125229637406e-06,2.228804060941649e-05,0.00010504531176965041,0.13624398705128582
0.00014229810934944835,0.21647085085945836,1.486973214884506e-05,1.486973214884506e-05,2.2391103876192322e-05,0.00010503727332441097,0.13663915830117476
0.0001671700507603634,0.25430726586428115,3.9629351189437024e-05,3.9629351189437024e-05,2.251145662532093e-05,0.00010502924294560545,0.1373024857111118
0.00021697811262567763,0.3300777281770814,8.930573374821434e-05,8.930573374821434e-05,2.2651154014914544e-05,0.00010502122486254874,0.13830183691436496
0.00018009885811527898,0.27397520060713615,5.22701834041509e-05,5.22701834041509e-05,2.281545509027606e-05,0.00010501321962085201,0.13904465939421182
0.0001632562793964159,0.248353445247153,3.523804419438561e-05,3.523804419438561e-05,2.301301085258281e-05,0.00010500522434944748,0.13963374614863555
0.00017061263279425726,0.2595442902030966,4.2362981904492934e-05,4.2362981904492934e-05,2.325241252941368e-05,0.00010499723836035066,0.14027791501917236
0.00017153603749906396,0.26094901864995357,4.300759677020331e-05,4.300759677020331e-05,2.353917871790417e-05,0.00010498926201095648,0.1409183195435905
0.0001539370861156088,0.23417663216057857,2.5077937927651538e-05,2.5077937927651538e-05,2.3877854187568136e-05,0.00010498129400038913,0.1413771698882368
0.00014657326128784297,0.22297442129963257,1.7326945091745006e-05,1.7326945091745006e-05,2.4272983847641347e-05,0.0001049733323484566,0.14173457956934973
0.0001661496333075579,0.25275495687542315,3.645660712706057e-05,3.645660712706057e-05,2.4727648398850764e-05,0.00010496537778164656,0.14229659026898384
0.00019102135796136328,0.2905910421387183,6.082097515395612e-05,6.082097515395612e-05,2.524294977668174e-05,0.00010495743303072542,0.14304428815158404
0.00022160483412970642,0.3371161234533483,9.083482302437189e-05,9.083482302437189e-05,2.582051047360876e-05,0.00010494950063172576,0.14396877790179033
0.0010031504898382316,1.5260416394014886,0.0008717446879256056,0.0008717446879256056,2.6464206371033092e-05,0.00010494159554159287,0.14684943417549756
0.0014258361330166589,2.1690517344984848,0.0012937225391677267,0.0012937225391677267,2.7179858815436418e-05,0.00010493373503349565,0.15024554837659485
0.0005580156193399924,0.8488806805911654,0.00042510365404815594,0.00042510365404815594,2.7986052740736308e-05,0.00010492591255110021,0.15219462653393084
0.0004284651294421325,0.6518021325650589,0.00029463160747437815,0.00029463160747437815,2.8915406573684557e-05,0.00010491811539406979,0.15377412946812102
0.00040917678834786277,0.622459763735053,0.00027427371800290866,0.00027427371800290866,2.9992729956904143e-05,0.00010491034038804998,0.15526932165195198
0.0005716527339228685,0.869626126967924,0.0004355200924038181,0.0004355200924038181,3.123005176746386e-05,0.00010490258975158655,0.1571649526343698
0.0003160391827911427,0.4807742781439265,0.00017850856944242243,0.00017850856944242243,3.263575251548859e-05,0.00010489486083323163,0.15828437560512446
0.0002522320931511079,0.3837078093876597,0.00011312542568018809,0.00011312542568018809,3.4219521363970766e-05,0.00010488714610694902,0.15910386018059275
0.00017412814545268113,0.2648922601786314,3.326072421099241e-05,3.326072421099241e-05,3.598798151833417e-05,0.00010487943972335455,0.15938825970618614
0.0001546217328428472,0.23521815028236526,1.1809424285234979e-05,1.1809424285234979e-05,3.794057245278395e-05,0.00010487173610482828,0.1594102840178171
0.0001509690978387864,0.22966158308113602,6.03361429497829e-06,6.03361429497829e-06,4.007145089997813e-05,0.00010486403264382997,0.1593217974671158
0.0001544128106436724,0.2349003276041473,7.186434718663799e-06,7.186434718663799e-06,4.2370047170024684e-05,0.00010485632875498392,0.15925986397834663
0.00015736038664524053,0.23938432453108782,7.687792781150117e-06,7.687792781150117e-06,4.482396916161484e-05,0.00010484862470247558,0.15920915503171618
0.000165788456787433,0.2522055174698026,1.3526633658144434e-05,1.3526633658144434e-05,4.742090184728494e-05,0.00010484092128200365,0.15926069741028623
0.0001726782028214461,0.2626865364587887,1.7695621272150017e-05,1.7695621272150017e-05,5.014936193340887e-05,0.00010483321961588721,0.15937045932289662
0.0001996689965283515,0.30374625331530486,4.184434753281359e-05,4.184434753281359e-05,5.299912714834357e-05,0.00010482552184719434,0.15972778904825274
0.0001833883326912363,0.27897931038479573,2.2609045716594505e-05,2.2609045716594505e-05,5.5961458626840235e-05,0.00010481782834780158,0.1598917675281659
0.00016441797298151018,0.25012067040532976,5.779182392599288e-07,5.779182392599288e-07,5.9029920146148e-05,0.00010481013459610224,0.15960369058112625
0.00016782704263878178,0.2553067140760611,8.259168983946726e-07,8.259168983946726e-07,6.219868815731981e-05,0.0001048024375830673,0.15933661410944336
0.0001737078366732373,0.26425286588501873,3.4548871916695333e-06,3.4548871916695333e-06,6.545821124051843e-05,0.00010479473824104936,0.1591815023804343
0.00017454679726151124,0.26552913380742116,9.629898419577027e-07,9.629898419577027e-07,6.879677075371816e-05,0.00010478703666583539,0.15892857374198888
0.00017759404311296355,0.27016475338984247,6.106207225707377e-07,6.106207225707377e-07,7.220409035170369e-05,0.00010477933203868911,0.1586562634808736
0.0001820788475975829,0.2769872575479248,1.6366996340171254e-06,1.6366996340171254e-06,7.567052331307191e-05,0.00010477162465049385,0.15844467205593735
0.00018607109891286255,0.2830604657093987,2.1209652243066096e-06,2.1209652243066096e-06,7.918621860086705e-05,0.00010476391508768889,0.1582562095044132
0.00019216836627633516,0.29233592734499375,4.67004320409603e-06,4.67004320409603e-06,8.274211898015589e-05,0.00010475620409208325,0.15815044672714562
0.0001928419753722118,0.2933606544815505,1.7633012087690033e-06,1.7633012087690033e-06,8.633018257643494e-05,0.00010474849158700787,0.15795142256202727
0.00019469402045802758,0.29617807614224223,9.777517553347955e-09,9.777517553347955e-09,8.994346698888294e-05,0.0001047407759515913,0.15761414035802357
0.0001983084059514917,0.3016764563152554,0.0,0.0,9.357534977813426e-05,0.00010473305617335744,0.15727009572178632
0.00020194348774659892,0.30720632071561915,0.0,0.0,9.721815550787574e-05,0.00010472533223872316,0.15693079297815957
0.0002055813647903826,0.31274043738512497,0.0,0.0,0.00010086376057641077,0.00010471760421397182,0.15659616677066587
0.00020921437884408733,0.31826715623603063,0.0,0.0,0.00010450450667961497,0.00010470987216447236,0.15626615264362187
0.00021283538669748057,0.3237756106671988,0.0,0.0,0.00010813325054278939,0.00010470213615469119,0.15594068702972297
0.0002164377353594748,0.32925567982285653,0.0,0.0,0.00011174333911127014,0.00010469439624820467,0.15561970723779883
0.00022001523828481592,0.33469795242746997,0.0,0.0,0.00011532858577710249,0.00010468665250771342,0.15530315144073795
0.00022356215259684335,0.34009369213589175,0.0,0.0,0.00011888324760179214,0.0001046789049950512,0.1549909586635786
0.0002270731572678147,0.3454348043402027,0.0,0.0,0.00012240200349661508,0.00010467115377119965,0.15468306877176363
0.00023054333221968226,0.3507138043767893,0.0,0.0,0.00012587993332338404,0.0001046633988962982,0.1543794224595575
0.00023396813830959314,0.35592378707930744,0.0,0.0,0.00012931249787993647,0.00010465564042965667,0.15407996123862272
0.00023734339816569214,0.3610583976251668,0.0,0.0,0.0001326955197359259,0.00010464787842976624,0.15378462742675386
0.0002406652778400815,0.3661118036251151,0.0,0.0,0.00013602516488576993,0.00010464011295431157,0.15349336413676687
0.00024393026924701417,0.3710786684073581,0.0,0.0,0.0001392979251868334,0.00010463234406018076,0.15320611526554137
0.00024713517335558265,0.37595412544945467,0.0,0.0,0.00014251060155210694,0.00010462457180347572,0.15292282548321412
0.0002502770841073075,0.3807337539129652,0.0,0.0,0.0001456602878677809,0.00010461679623952661,0.15264344022252155
0.0002533533730301107,0.38541355523747467,0.0,0.0,0.00014874435560721335,0.00010460901742289738,0.15236790566828864
0.00025636167452125117,0.3899899307522733,0.0,0.0,0.00015176043911385018,0.00010460123540740098,0.15209616874706333
0.0002592998717727839,0.39445966026547624,0.0,0.0,0.00015470642152667775,0.00010459345024610615,0.1518281771168935
0.00026216608331412235,0.3988198815919104,0.0,0.0,0.00015758042132277213,0.00010458566199135023,0.1515638791572447
0.00026495865014720726,0.40306807098250363,0.0,0.0,0.0001603807794524597,0.00010457787069474756,0.1513032239590572
0.00026767612345071976,0.4072020244193312,0.0,0.0,0.00016310604704351879,0.00010457007640720097,0.15104616131493975
0.00027031725283064483,0.41121983974179815,0.0,0.0,0.0001657549736517353,0.00010456227917890954,0.15079264170949863
0.0002728809750953548,0.41511989957074663,0.0,0.0,0.00016832649603597472,0.00010455447905938007,0.15054261630980023
0.00027536640353419166,0.4189008549985103,0.0,0.0,0.000170819727436755,0.00010454667609743669,0.15029603695596444
0.0002777728176793211,0.42256161001414555,0.0,0.0,0.000173233947338093,0.00010453887034122808,0.15005285615188857
0.00028009965353140246,0.4261013066342419,0.0,0.0,0.00017556859169316256,0.00010453106183823988,0.1498130270560981
0.0002823464942303332,0.42951931071080196,0.0,0.0,0.0001778232435950322,0.00010452325063530101,0.14957650347272486
0.00028451306115305833,0.432815198388793,0.0,0.0,0.0001799976243744634,0.00010451543677859494,0.1493432398426079
0.00028659920542109556,0.4359887431869787,0.0,0.0,0.00018209158510742833,0.00010450762031366722,0.1491131912345184
0.0002886048998011014,0.4390399036766636,0.0,0.0,0.00018410509851566663,0.00010449980128543475,0.14888631333650518
0.00029053023098242654,0.44196881173393227,0.0,0.0,0.00018603825124423247,0.00010449197973819406,0.1486625624473587
0.0002923753922162254,0.44477576134190244,0.0,0.0,0.0001878912365005948,0.00010448415571563063,0.14844189546819395
0.0002941406763012692,0.44746119792040023,0.0,0.0,0.00018966434704044202,0.00010447632926082719,0.14822426989414839
0.0002958264689021788,0.4500257081613292,0.0,0.0,0.00019135796848590868,0.00010446850041627015,0.14800964380619488
0.0002974332421863504,0.4524700103488496,0.0,0.0,0.0001929725729624892,0.00010446066922386121,0.14779797586306706
0.00029896154876635136,0.45479494514425484,0.0,0.0,0.00019450871304142845,0.0001044528357249229,0.1475892252932964
0.00030041201593509565,0.457001466816238,0.0,0.0,0.00019596701597488864,0.00010444499996020702,0.14738335188735843
0.00030178534018157957,0.45909063489796026,0.0,0.0,0.00019734817821167696,0.00010443716196990262,0.14718031598992815
0.00030308228197543756,0.46106360625306225,0.0,0.0,0.00019865296018179316,0.00010442932179364441,0.14698007849224104
0.0003043036608090258,0.46292162753343846,0.0,0.0,0.0001998821813385059,0.00010442147947051991,0.14678260082456038
0.00030561475586607443,0.46491612952545003,1.6440504955298087e-07,1.6440504955298087e-07,0.00020103671544710657,0.00010441363536941485,0.146634944736105
0.0003074404572627102,0.46769347587637383,9.171808520999565e-07,9.171808520999565e-07,0.00020211748610990762,0.00010440579030070261,0.14655322076199237
0.00031166874684977226,0.47412575701331966,4.1450477466204545e-06,4.1450477466204545e-06,0.00020312575350155712,0.00010439794560159469,0.14659652188335853
0.000320747588174984,0.4879369349374079,1.2294002596026951e-05,1.2294002596026951e-05,0.00020406348226637293,0.00010439010331258411,0.1468063241592959
0.0003165023946696185,0.4814789387323229,7.186368489516578e-06,7.186368489516578e-06,0.00020493376226115247,0.00010438226391894947,0.1469196256543209
0.00031271495038504515,0.4757172930533139,2.5991656169525455e-06,2.5991656169525455e-06,0.00020574135888852587,0.00010437442587956673,0.14690927575560853
0.0003116075238073718,0.4740326215237392,7.496960854292897e-07,7.496960854292897e-07,0.00020649123999240719,0.00010436658772953531,0.14681314586727304
0.00031278775364014375,0.47582804492941816,1.2422301222333749e-06,1.2422301222333749e-06,0.00020718677443725225,0.00010435874908065812,0.14674704306268402
0.00031735620043425093,0.48277778986382175,5.1753987594273915e-06,5.1753987594273915e-06,0.00020782989059241148,0.00010435091108241207,0.14681494524686026
0.0003321720619557541,0.5053164037950837,1.9406877534460594e-05,1.9406877534460594e-05,0.0002084221080682523,0.0001043430763530412,0.14712280035365188
0.0007874921819096475,1.197971662747279,0.00047419100770368806,0.00047419100770368806,0.00020896591500452858,0.00010433525920143078,0.1492321144533304
0.0005783829438895504,0.8798644518803982,0.00026458947320137714,0.00026458947320137714,0.00020946600252047304,0.00010432746816770022,0.1507663133060274
0.0003566252904715204,0.5425158522436179,4.2366169767477807e-05,4.2366169767477807e-05,0.00020993942882825315,0.00010431969187578942,0.1512511918080201
0.00034663667704644906,0.5273206844587708,3.191496233842506e-05,3.191496233842506e-05,0.00021040979242067923,0.0001043119222873448,0.151634506114616
0.0003523555684766574,0.5360205420993942,3.7162128828675356e-05,3.7162128828675356e-05,0.00021088928064805736,0.00010430415899992469,0.15206161201432
0.00034247523614411746,0.5209900968139493,2.679656213806531e-05,2.679656213806531e-05,0.00021138227244236487,0.00010429640156368731,0.15238106839051546
0.0003440977550805491,0.5234583520585949,2.7916584006238668e-05,2.7916584006238668e-05,0.00021189252179625614,0.00010428864927805428,0.15270785081475602
0.0003334194958259742,0.5072140612728391,1.6715445067853928e-05,1.6715445067853928e-05,0.00021242314952985578,0.00010428090122826451,0.1528969708187843
0.0003273223020252386,0.4979387115444812,1.0072689325503221e-05,1.0072689325503221e-05,0.00021297645698584115,0.00010427315571389424,0.15298069931557007
0.00032320146072420896,0.49166988600091727,5.382265759039948e-06,5.382265759039948e-06,0.00021355378365188157,0.00010426541131328743,0.15296664356203357
0.00032126405058238564,0.4887226028375527,2.85151313105081e-06,2.85151313105081e-06,0.00021415487061038322,0.00010425766684095161,0.1528808876808498
0.00032066917702788724,0.4878176520614336,1.6410548750916195e-06,1.6410548750916195e-06,0.00021477820067502645,0.0001042499214777692,0.15274969616427408
0.00032252947093231853,0.49064762222886554,2.8660136354370137e-06,2.8660136354370137e-06,0.0002154212820469599,0.00010424217524992163,0.15266745004723478
0.00032250303776832755,0.4906074108056345,2.1875786165417898e-06,2.1875786165417898e-06,0.00021608103081609107,0.00010423442833569472,0.15256189846297313
0.0003215530816905754,0.48916229111029735,5.718483647764241e-07,5.718483647764241e-07,0.00021675455332490723,0.00010422668000089175,0.15237484246167834
0.00032366047761231604,0.4923681649645779,2.0022758597681327e-06,2.0022758597681327e-06,0.00021743927152711193,0.00010421893022543597,0.1522660293542241
0.0003276232808293828,0.4983965752372711,5.279997740812294e-06,5.279997740812294e-06,0.00021813210281607592,0.00010421118027249459,0.15225944229410934
0.00033205214116948924,0.5051339744236945,9.018588085959285e-06,9.018588085959285e-06,0.00021883012166684678,0.00010420343141668317,0.15233285942884175
0.0004109562755489095,0.6251668067889993,8.722890298520068e-05,8.722890298520068e-05,0.00021953168347036691,0.00010419568909334193,0.1531017212478217
0.00036983601578707186,0.5626126543908988,4.541169917949683e-05,4.541169917949683e-05,0.00022023636050101403,0.00010418795610656101,0.1535783242910607
0.0003547431874934445,0.5396527050455854,2.9614422175313336e-05,2.9614422175313336e-05,0.00022094853594982662,0.00010418022936830459,0.15390559291950123
0.0003376136342135908,0.5135943899331454,1.1766329935601757e-05,1.1766329935601757e-05,0.00022167479804712002,0.00010417250623086902,0.15400401974720457
0.0003347351315473318,0.5092154707457084,8.151733680917368e-06,8.151733680917368e-06,0.00022241861323393127,0.00010416478463248313,0.15403625915053074
0.0003523192565050889,0.5359653025504096,2.4981295506055264e-05,2.4981295506055264e-05,0.00022318089520918837,0.00010415706578984526,0.15430789706095446
0.0003843752540192107,0.5847304554309003,5.626522979468361e-05,5.626522979468361e-05,0.000223960670952987,0.00010414935327154007,0.1548501699505951
0.00034383289877628606,0.5230554396811823,1.493317145474652e-05,1.493317145474652e-05,0.0002247580812198502,0.00010414164610168934,0.15498399109516503
0.00033270012344041095,0.50611971677944,2.98979704299246e-06,2.98979704299246e-06,0.00022557638667290077,0.00010413393972451774,0.15487476508735926
0.0003327521355365086,0.5061988401265367,2.208126056320428e-06,2.208126056320428e-06,0.00022641777722054478,0.00010412623225964342,0.15473931561905396
0.00033710990325649964,0.5128280897385449,5.7110996265066294e-06,5.7110996265066294e-06,0.00022728027937137944,0.00010411852425861357,0.1547086051243136
0.00035913266528480486,0.5463301935706861,2.6861485920395812e-05,2.6861485920395812e-05,0.00022816036071516288,0.00010411081864924618,0.15499115369992855
0.0005875376792571257,0.893791083537503,0.00025437938608185995,0.00025437938608185995,0.00022905516761383433,0.0001041031255614314,0.15640649497027242
0.0013317744630280707,2.0259605168513954,0.0009977144187763185,0.0009977144187763185,0.0002299645812110952,0.00010409546304065711,0.1592678540121685
0.0009131980195146509,1.3892015374712714,0.0005782127821857431,0.0005782127821857431,0.00023089740124954323,0.00010408783607936458,0.16140228130989434
0.0008144842530250248,1.2390333228601045,0.0004785262294495726,0.0004785262294495726,0.00023187778564216443,0.00010408023793328787,0.16329892918064126
0.0009756364110673388,1.484185875685592,0.000638630919525064,0.000638630919525064,0.00023293282258533984,0.00010407266895693499,0.16548316660145246
0.0008642208104483183,1.3146950091148448,0.0005260736879275025,0.0005260736879275025,0.00023408199312734482,0.00010406512939347104,0.1674162041238234
0.000610123866219974,0.9281502969653626,0.0002707223964719329,0.0002707223964719329,0.00023534385685426788,0.00010405761289377318,0.16869421188762837
0.0004862350620078483,0.7396845824005917,0.0001454489587961827,0.0001454489587961827,0.00023673599157704426,0.00010405011163462134,0.16950883258491606
0.00038610587140114826,0.5873631553233507,4.3794025589249355e-05,4.3794025589249355e-05,0.00023826922754276647,0.00010404261826913243,0.1697371443590675
0.00036813344724350756,0.5600226237646534,2.4151582643783297e-05,2.4151582643783297e-05,0.0002399467372184135,0.0001040351273813108,0.1697767591409586
0.00035567324826068386,0.5410675590204957,9.880707941689571e-06,9.880707941689571e-06,0.0002417649040416806,0.00010402763627731369,0.1696200543909533
0.00036316884884179403,0.5524702336091716,1.5433277129960554e-05,1.5433277129960554e-05,0.00024371542749819164,0.00010402014421364183,0.1695527192560725
0.00037226208833801176,0.5663033147359288,2.246143057917495e-05,2.246143057917495e-05,0.000245788005311191,0.00010401265244764586,0.1695757310447001
0.00039763804257827995,0.6049064587332376,4.566070028721016e-05,4.566070028721016e-05,0.00024797217914265633,0.00010400516314841348,0.16981815698186684
0.00037077947181982497,0.5640478858995411,1.6522680035987742e-05,1.6522680035987742e-05,0.00025025911602275387,0.00010399767576108334,0.16976309497102143
0.0003703410587542938,0.5633809504795464,1.3708547189135608e-05,1.3708547189135608e-05,0.00025264232363163524,0.00010399018793352295,0.16966871351830984
0.00036411360480902665,0.5539074426417889,5.015788523060898e-06,5.015788523060898e-06,0.00025511511802972796,0.00010398269825623778,0.1694124506182232
0.0003624560039005075,0.55138581898359,8.117418916887375e-07,8.117418916887375e-07,0.00025766905744440565,0.00010397520456441312,0.1690085587308033
0.0003644435026456212,0.5544092993826185,1.809130685376023e-07,1.809130685376023e-07,0.0002602948840895819,0.00010396770548750167,0.16855609672102073
0.00036694226160408083,0.5582105338494947,1.4608497393467606e-10,1.4608497393467606e-10,0.0002629819151196523,0.00010396020039945464,0.16806262627150403
0.0003696715251477494,0.562362423176898,0.0,0.0,0.00026571883609516686,0.00010395268905258254,0.16757457241981616
0.0003724396323102952,0.5665734033191212,5.6431039551077564e-11,5.6431039551077564e-11,0.0002684944043408051,0.00010394517153845055,0.16709410661601454
0.00037548873036069634,0.5712118405572674,2.5329386965718435e-07,2.5329386965718435e-07,0.0002712977881361919,0.00010393764835484726,0.16667700258788717
0.00037852742439676955,0.5758344506994368,4.784531925333912e-07,4.784531925333912e-07,0.00027411885106852176,0.00010393012013571438,0.16628717138543844
0.0003809393048966456,0.5795035214015455,6.82401446588311e-08,6.82401446588311e-08,0.00027694847798730377,0.000103922586764683,0.16585353461535773
0.0003837119385715892,0.5837213874960465,1.8247838805178707e-08,1.8247838805178707e-08,0.0002797786428556877,0.0001039150478770964,0.16541142714312754
0.00038684157934828627,0.5884823502728067,3.3238497198557386e-07,3.3238497198557386e-07,0.0002826016905648461,0.00010390750381145461,0.1650259570795782
0.0003903735077350626,0.5938552926580255,1.063449243066602e-06,1.063449243066602e-06,0.00028541010312742776,0.00010389995536456826,0.16469768864035217
0.00039570606279882317,0.6019674365029756,3.6165412777485753e-06,3.6165412777485753e-06,0.0002881971178606859,0.00010389240366038867,0.16447272730274703
0.0003989754980237275,0.6069410614386864,4.133555795423298e-06,4.133555795423298e-06,0.00029095709268205967,0.00010388484954624447,0.16426574595932716
0.0003991272012641884,0.6071718398354679,1.5641754474995332e-06,1.5641754474995332e-06,0.0002936857332702607,0.00010387729254642814,0.16397299225308515
0.00040273714683466017,0.6126634657802464,2.487640848672758e-06,2.487640848672758e-06,0.00029637977363486704,0.00010386973235112036,0.16372138705661662
0.0004065842548980988,0.6185158749208045,3.6863327501707383e-06,3.6863327501707383e-06,0.0002990357526034395,0.00010386216954448861,0.16351209988302562
0.00041358939827470164,0.6291724419971934,8.084618502124732e-06,8.084618502124732e-06,0.0003016501746007202,0.00010385460517185673,0.16340974555885446
0.00041807449332969556,0.6359953881851559,1.0007150575277698e-05,1.0007150575277698e-05,0.00030422030251328337,0.00010384704024113449,0.16334468871743407
0.00042078302315139084,0.6401157363595701,1.0199026396639393e-05,1.0199026396639393e-05,0.0003067445217120059,0.00010383947504274556,0.16328392251750337
0.00042039775479477907,0.639529647272749,7.343603276978327e-06,7.343603276978327e-06,0.00030922224228536224,0.0001038319092324385,0.16316978389880654
0.00041691243817341777,0.6342276129871921,1.4348900321245798e-06,1.4348900321245798e-06,0.000311653206891273,0.00010382434125002016,0.1628862389300519
0.00042500028807470236,0.6465312462382508,7.146604838986867e-06,7.146604838986867e-06,0.00031403691212427256,0.00010381677111144297,0.16277355693951073
0.00043693214747080636,0.664682574935578,1.67513942699882e-05,1.67513942699882e-05,0.0003163715520684024,0.00010380920113241574,0.16282106182338235
0.00045443142160881485,0.6913033275189806,3.197430239290991e-05,3.197430239290991e-05,0.0003186554855821585,0.00010380163363374643,0.16304013772226295
0.00045123525199813327,0.6864411578227106,2.6551928133974824e-05,2.6551928133974824e-05,0.000320889254459621,0.00010379406940453743,0.16320102227130895
0.000502720351930301,0.7647628125506116,7.585838259367716e-05,7.585838259367716e-05,0.0003230754586136015,0.00010378651072302234,0.16374480622415
0.00044254899319750055,0.673227195655857,1.3552754208726785e-05,1.3552754208726785e-05,0.0003252172826243585,0.00010377895636441527,0.16373286043202595
0.0004430630369647798,0.6740091842022309,1.1971864144697637e-05,1.1971864144697637e-05,0.0003273197705417328,0.00010377140227834939,0.16369640658875814
0.0005186139276640196,0.788940898106396,8.546345003642157e-05,8.546345003642157e-05,0.0003293866249172226,0.00010376385271037543,0.1642898885309615
0.000604769690583768,0.920005262847065,0.0001695955829717356,0.0001695955829717356,0.0003314177928542188,0.00010375631475781369,0.16526872118040223
0.0006365300228919236,0.9683206353404679,0.00019936423334067518,0.00019936423334067518,0.00033341699776035286,0.00010374879179089546,0.16634484618037162
0.0005693440248680849,0.8661140057193651,0.00013020871638315,0.00013020871638315,0.0003353940260591628,0.00010374128242577214,0.16712694366215464
0.0004989403013848405,0.7590124145895388,5.784544324774791e-05,5.784544324774791e-05,0.00033736107642439275,0.00010373378171269989,0.167495879730447
0.0007011719300204686,1.0666570693329305,0.00025811721983261867,0.00025811721983261867,0.0003393284173250627,0.00010372629286278729,0.16873416388115975
0.0005151613908111196,0.7836887300095202,7.014122500390073e-05,7.014122500390073e-05,0.00034130134954675603,0.00010371881626046284,0.16916214135425242
0.0005456912270762393,0.8301322116771565,9.869219389188806e-05,9.869219389188806e-05,0.0003432876858219952,0.00010371134736235605,0.16974876265152947
0.000816091503639495,1.2414783511858454,0.0003670925051406748,0.0003670925051406748,0.0003452951047683946,0.00010370389373042558,0.1712561669604723
0.001214043267556773,1.846862058179767,0.00076301999081489,0.00076301999081489,0.00034732680960284284,0.00010369646713904013,0.17352670700708453
0.0010208432037047228,1.5529566619706703,0.0005677616769296768,0.0005677616769296768,0.00034939245653424673,0.0001036890702407994,0.17541636915722797
0.0009814844849097698,1.4930822519364608,0.0005262913080315572,0.0005262913080315572,0.000351511477286971,0.00010368169959124152,0.17719420473326153
0.0013874871791248787,2.1107134282730833,0.0009301083734415999,0.0009301083734415999,0.00035370444672143603,0.00010367435896184278,0.17962162356783257
0.0015748576358255374,2.39575054066585,0.0011152029572766217,0.0011152029572766217,0.0003559876242123245,0.0001036670543365913,0.1822564050972209
0.0005570905411515234,0.8474734063590275,9.505121730406327e-05,9.505121730406327e-05,0.0003583795525231473,0.00010365977132431286,0.18263253534934712
0.00046455534286251134,0.7067043321974051,0.0,0.0,0.0003609028561668712,0.00010365248669564017,0.1819436676005204
0.000470756991458281,0.7161385836740769,3.5457714899346613e-06,3.5457714899346613e-06,0.00036356602539698574,0.00010364519457136056,0.181476205910653
0.00047296342379944374,0.7194951165784066,2.9690730302923897e-06,2.9690730302923897e-06,0.00036635645435162607,0.0001036378964175253,0.1809973926927877
0.0004752506197453916,0.7229745110325223,2.3630410647166407e-06,2.3630410647166407e-06,0.00036925698662434195,0.000103630592056333,0.18050444044297884
0.00047901747113541447,0.7287048297921128,3.1415175166850666e-06,3.1415175166850666e-06,0.000372252671996369,0.00010362328162236042,0.18004467882894643
0.0004801098883134994,0.7303666682881732,1.1647224512196207e-06,1.1647224512196207e-06,0.00037532920101499516,0.00010361596484728462,0.1795135311866815
0.00048209163190353663,0.733381393663527,9.836129114090654e-09,9.836129114090654e-09,0.00037847315526621877,0.00010360864050820377,0.17887892074122003
0.0004852794840157677,0.7382309103739291,6.564333351607792e-09,6.564333351607792e-09,0.00038167161175168554,0.00010360130793073057,0.17825099899623512
0.0004887499436476252,0.7435103434796544,2.446920880625996e-07,2.446920880625996e-07,0.0003849112840074838,0.00010359396755207886,0.17767868072817622
0.0004917691302384243,0.7481032779409883,3.471952438076921e-09,3.471952438076921e-09,0.000388179038816459,0.00010358661946952722,0.17706479604465045
0.0004950592729182088,0.7531084040709002,1.713089721057151e-08,1.713089721057151e-08,0.00039146287851054336,0.00010357926351045496,0.17646756327399823
0.0004983405435176711,0.7581000335578485,1.7058543510996637e-08,1.7058543510996637e-08,0.0003947515851248755,0.00010357189984928454,0.17587853703632636
0.0005016036063312046,0.7630639644693888,4.631207692795176e-09,4.631207692795176e-09,0.0003980344465725303,0.00010356452855098159,0.17529051211734684
0.0005048691001418563,0.768031593532767,1.0408227143764598e-08,1.0408227143764598e-08,0.0004013015422075313,0.00010355714970718122,0.17471446534869586
0.0005081037715114624,0.7729523339897594,1.0399520676346378e-08,1.0399520676346378e-08,0.00040454360853299504,0.0001035497634577911,0.17414635811638005
0.0005112990216611022,0.7778131049568755,4.6195646973098725e-09,4.6195646973098725e-09,0.0004077520322098003,0.00010354236988660461,0.17358220745537042
0.0005144584467938844,0.7826193771543548,4.615785335879805e-09,4.615785335879805e-09,0.00041091886193216103,0.00010353496907638755,0.173025832364331
0.0005175662423456133,0.7873471079053511,1.9542122444169357e-09,1.9542122444169357e-09,0.00041403672701654555,0.00010352756111682337,0.17247441956686463
0.0005206195497894078,0.791991948678819,5.948863855426331e-10,5.948863855426331e-10,0.000417098808822426,0.00010352014608059633,0.1719283453562555
0.0005236117635616924,0.7965438507680389,2.191444879932599e-10,2.191444879932599e-10,0.00042009882036653077,0.00010351272405067369,0.17138870308247428
0.0005265362606984108,0.8009927389958287,0.0,0.0,0.0004230309655855768,0.000103505295112834,0.17085480663540537
0.0005293877839673739,0.8053306158031875,0.0,0.0,0.0004258899246080064,0.00010349785935936744,0.17032826876728377
0.000532161249776438,0.809549747780854,0.0,0.0,0.00042867083288334186,0.00010349041689309616,0.1698089880564117
0.0005348522322108497,0.813643402010612,0.0,0.0,0.0004313692643954246,0.00010348296781542507,0.16929686447896458
0.0005375535069577117,0.8177527134099812,9.67754629721971e-08,9.67754629721971e-08,0.00043398121901897885,0.00010347551247576065,0.16882737656791585
0.0005402077322072678,0.8217904508105051,2.3658114141895232e-07,2.3658114141895232e-07,0.0004365030997079622,0.00010346805135788673,0.16838438505526546
0.0005455837601570755,0.8299687277381429,3.191263949438414e-06,3.191263949438414e-06,0.0004389319104834492,0.00010346058572418788,0.16809502918546723
0.0005594884770230837,0.8511212638098131,1.4770016673038976e-05,1.4770016673038976e-05,0.0004412653420621174,0.00010345311828792733,0.1680397509895566
0.0005721766636061132,0.8704231544536791,2.522859242807434e-05,2.522859242807434e-05,0.00044350241957812303,0.00010344565159991585,0.16811534572953107
0.0005600388758664695,0.8519585574779053,1.0955987254980613e-05,1.0955987254980613e-05,0.000445644703372971,0.0001034381852385179,0.16800054032216952
0.0006814259011185968,1.0366184434016,0.00013029918231297673,0.00013029918231297673,0.00044769599481111273,0.00010343072399450728,0.16875867302678707
0.0006059475871866264,0.9217971368291645,5.2864735420586205e-05,5.2864735420586205e-05,0.0004496595809529654,0.00010342327081307485,0.16906815332034045
0.0005549997810454089,0.8442928397219673,4.1108243458526736e-08,4.1108243458526736e-08,0.0004515428557639247,0.00010341581703802567,0.16858944269882595
0.0005567638016293444,0.8469763542007183,0.0,0.0,0.000453355444575657,0.00010340835705368741,0.16809412785056754
0.0005584997299548897,0.8496171333606084,0.0,0.0,0.00045509883916227247,0.0001034008907926172,0.16760563981944698
0.0005601629744445084,0.8521473423106858,0.0,0.0,0.00045676955609430964,0.00010339341835019877,0.16712388451292423
0.0005619844586399265,0.854918273248643,2.3419513445377307e-07,2.3419513445377307e-07,0.00045836432329669796,0.00010338594020877467,0.1667041593599203
0.0005640881425786253,0.8581185002525816,8.294713919841781e-07,8.294713919841781e-07,0.00045988021400313576,0.00010337845718350524,0.1663389105554867
0.000565177719556453,0.8597760180969546,4.917800001655911e-07,4.917800001655911e-07,0.00046131497003324746,0.00010337096952303998,0.16595484982041686
0.0005664618163492071,0.8617294490074858,4.310815731039673e-07,4.310815731039673e-07,0.0004626672576780627,0.00010336347709804036,0.1655710032288707
0.0005672920944575284,0.8629925087162901,0.0,0.0,0.00046393611503684184,0.00010335597942068659,0.1651172908772375
0.0005685380584676854,0.8648879301709531,6.898441927335872e-08,6.898441927335872e-08,0.0004651205977893499,0.00010334847625906218,0.1646999663026725
0.000577015810022702,0.8777847009072586,7.455377107232718e-06,7.455377107232718e-06,0.00046621946304557533,0.00010334096986989393,0.16456830061448355
0.0005705700443443989,0.8679790865726618,5.170587184156501e-09,5.170587184156501e-09,0.0004672314136133866,0.00010333346014382813,0.1641366683962869
0.0005714832407256734,0.8693682856179619,0.0,0.0,0.00046815729575353334,0.00010332594497213998,0.16370272517059636
0.0005723163109217741,0.8706355927873968,0.0,0.0,0.00046899788654066084,0.00010331842438111325,0.16327476289027903
0.0005730631669240013,0.8717717467040632,1.3340152817919056e-10,1.3340152817919056e-10,0.00046975213505885905,0.00010331089846361405,0.16285402746676808
0.000573767909737421,0.8728438359760535,4.5389314838464797e-08,4.5389314838464797e-08,0.0004704191529490589,0.00010330336747352371,0.1624622509999192
0.0005742942290231001,0.8736444986420269,1.332467625247986e-10,1.332467625247986e-10,0.0004709982642874954,0.00010329583148884222,0.16205271425174256
0.0005747774259784707,0.8743795615078651,0.0,0.0,0.0004714891355621113,0.00010328829041635935,0.16164749371409273
0.0005751723450636611,0.8749803317554998,0.0,0.0,0.00047189160073787297,0.00010328074432578815,0.16124785824323581
0.000575478693907466,0.8754463646155388,0.0,0.0,0.00047220550061231783,0.00010327319329514818,0.16085373086140736
0.0005756964635479205,0.8757776464546023,0.0,0.0,0.0004724308261465378,0.00010326563740138273,0.16046503565181083
0.0005758257936458844,0.875974389731628,0.0,0.0,0.0004725677169255114,0.00010325807672037306,0.16008169774399436
0.0005758669626333916,0.8760370180110582,0.0,0.0,0.00047261645130643746,0.00010325051132695413,0.1597036432994293
0.0005758203783323263,0.8759661516915096,0.0,0.0,0.00047257743703739777,0.0001032429412949285,0.15933079949728754
0.0005756865690238924,0.8757625944202148,0.0,0.0,0.00047245120232681246,0.00010323536669707995,0.15896309452041446
0.0005754661749500984,0.8754273201646628,0.0,0.0,0.0004722383873449102,0.00010322778760518827,0.1586004575414959
0.0005751599402291975,0.8749614609139729,0.0,0.0,0.0004719397361391546,0.00010322020409004282,0.15824281870941512
0.0005747687051677225,0.8743662949835841,0.0,0.0,0.00047155608894626597,0.00010321261622145657,0.15789010913579804
0.0005742933989524294,0.8736432358978824,0.0,0.0,0.00047108837488415013,0.00010320502406827923,0.15754226088174433
0.0005737350327061023,0.8727938218263518,0.0,0.0,0.0004705376050076926,0.0001031974276984097,0.15719920694474063
0.000573094692891808,0.8718197055498024,0.0,0.0,0.0004699048657129967,0.0001031898271788112,0.15686088124575476
0.0005723735350507709,0.8707226449341207,0.0,0.0,0.0004691913124752488,0.00010318222257552212,0.15652721861650756
0.0005715727778596372,0.8695044938898867,0.0,0.0,0.0004683981639059668,0.00010317461395367036,0.15619815478692
0.000570693697493433,0.868167193797032,0.0,0.0,0.0004675266961159488,0.00010316700137748413,0.15587362637273378
0.0005697376222810785,0.866712765374545,0.0,0.0,0.00046657823737077136,0.00010315938491030718,0.1555535708633019
0.0005687059276408109,0.8651433009759885,0.0,0.0,0.00046555416302620383,0.00010315176461460713,0.1552379266095482
0.0005676000312833942,0.8634609572923877,0.0,0.0,0.0004644558907314035,0.0001031441405519907,0.1549266328120922
0.0005664213886714469,0.8616679484447375,0.0,0.0,0.00046328487588823245,0.00010313651278321449,0.15461962950953834
0.0005651714887236947,0.859766539449101,0.0,0.0,0.0004620426073554985,0.00010312888136819618,0.1543168575669258
0.0005638518497533943,0.8577590400379408,0.0,0.0,0.0004607306033873666,0.00010312124636602768,0.15401825866433808
0.0005624640156305972,0.8556477988219672,0.0,0.0,0.0004593504077956128,0.0001031136078349844,0.15372377528566958
0.0005610095521583425,0.8534351977774248,0.0,0.0,0.00045790358632580454,0.00010310596583253795,0.15343335070754655
0.0005594900436532526,0.8511236470443282,0.0,0.0,0.00045639172323788603,0.0001030983204153666,0.15314692898840132
0.0005579070897213952,0.8487155800217439,0.0,0.0,0.0004548164180820284,0.00010309067163936682,0.15286445495769663
0.0005562623022206344,0.8462134487467717,0.0,0.0,0.00045317928266097075,0.00010308301955966375,0.15258587420529887
0.000554557302401051,0.8436197195444105,0.0,0.0,0.00045148193817043,0.00010307536423062107,0.1523111330709974
0.0005527937182153515,0.8409368689360223,0.0,0.0,0.00044972601250949844,0.00010306770570585311,0.15204017863416872
0.0005509731817915057,0.8381673797945837,0.0,0.0,0.0004479131377532722,0.00010306004403823357,0.15177295870358273
0.0005490973270601767,0.8353137377354167,0.0,0.0,0.00044604494778026994,0.00010305237927990673,0.1515094218073497
0.0005471677875297992,0.8323784277315287,0.0,0.0,0.00044412307604750173,0.00010304471148229747,0.151249517183006
0.0005451861942024606,0.829363930943149,0.0,0.0,0.0004421491535063405,0.00010303704069612003,0.1509931947677358
0.000543154173624015,0.8262727217514666,0.0,0.0,0.0004401248066526258,0.00010302936697138918,0.1507404051887283
0.0005410733460621331,0.8231072649869906,0.0,0.0,0.00043805165570470284,0.00010302169035743027,0.15049109975366745
0.000538945323806239,0.8198700133433301,0.0,0.0,0.00043593131290335256,0.0001030140109028864,0.15024523044135282
0.0005367717095835544,0.8165634049676047,0.0,0.0,0.00043376538092782397,0.00010300632865573038,0.15000274989244972
0.0005345540950856863,0.8131898612190164,0.0,0.0,0.00043155545142241466,0.00010299864366327159,0.14976361140036692
0.0005322940596004456,0.8097517845875047,0.0,0.0,0.0004293031036282773,0.00010299095597216828,0.14952776890226013
0.0005299931687437855,0.8062515567647106,0.0,0.0,0.0004270099031153527,0.00010298326562843285,0.14929517697015907
0.0005276529732869829,0.8026915368598259,0.0,0.0,0.00042467740060953945,0.00010297557267744341,0.14906579080221755
0.0005252750080743708,0.799074059753196,0.0,0.0,0.00042230713091041946,0.00010296787716395137,0.14883956621408326
0.0005228607910271422,0.7954014345808573,0.0,0.0,0.0004199006118950508,0.0001029601791320914,0.14861645963038733
0.0005204118222289197,0.7916759433434606,0.0,0.0,0.00041745934360353263,0.00010295247862538713,0.1483964280763509
0.0005179295830889881,0.7878998396333398,0.0,0.0,0.0004149848074022252,0.00010294477568676296,0.1481794291695069
0.0005154155355792354,0.7840753474737089,0.0,0.0,0.0004124784652206852,0.00010293707035855028,0.14796542111153682
0.0005128711215410396,0.7802046602642646,0.0,0.0,0.0004099417588585443,0.00010292936268249529,0.14775436268021927
0.0005102977620584875,0.7762899398276965,0.0,0.0,0.00040737610935871857,0.00010292165269976903,0.14754621322148964
0.0005076968568944675,0.7723333155518423,0.0,0.0,0.0004047829164434941,0.00010291394045097344,0.14734093264160966
0.0005050697839863313,0.7683368836224657,0.0,0.0,0.0004021635580101808,0.00010290622597615049,0.1471384813994443
0.000502417898997959,0.764302706341834,0.0,0.0,0.00039951938968317075,0.00010289850931478818,0.14693882049884546
0.0004997425349252065,0.7602328115285069,0.0,0.0,0.0003968517444193756,0.00010289079050583099,0.14674191148114038
0.0004970450017518321,0.7561291919939145,0.0,0.0,0.00039416193216414787,0.00010288306958768416,0.14654771641772402
0.0004943265861531433,0.7519938050915299,0.0,0.0,0.00039145123955491986,0.00010287534659822341,0.1463561979027529
0.0004915885512447158,0.7478285723346093,0.0,0.0,0.00038872092966991414,0.00010286762157480167,0.14616731904594024
0.0004888321363736538,0.7436353790786459,0.0,0.0,0.00038597224181939794,0.00010285989455425585,0.1459810434654501
0.00048605855694997907,0.7394160742648713,0.0,0.0,0.00038320639137706496,0.00010285216557291411,0.14579733528088948
0.0004832690043158405,0.7351724702212904,0.0,0.0,0.0003804245696492371,0.0001028444346666034,0.14561615910639703
0.00048046464565033663,0.7309063425178933,0.0,0.0,0.0003776279437796816,0.00010283670187065504,0.14543748004382712
0.0004776466239078518,0.7266194298728483,0.0,0.0,0.00037481765668793786,0.00010282896721991394,0.14526126367602765
0.0004748160577878886,0.7223134341066103,0.0,0.0,0.0003719948270391463,0.00010282123074874225,0.1450874760602107
0.0004719740417344872,0.7179900201410373,0.0,0.0,0.00036916054924345833,0.00010281349249102884,0.14491608372141435
0.0004691216459633946,0.7136508160407213,0.0,0.0,0.00036631589348320044,0.00010280575248019419,0.14474705364605492
0.00046625991651524066,0.7092974130938828,0.0,0.0,0.00036346190576604434,0.00010279801074919632,0.14458035327556762
0.00046338987533305927,0.7049313659302989,0.0,0.0,0.00036059960800251923,0.00010279026733054004,0.14441595050013564
0.00046051252036255843,0.7005541926738406,0.0,0.0,0.00035772999810627915,0.0001027825222562793,0.14425381365250445
0.00045762882567363815,0.6961673751273297,0.0,0.0,0.0003548540501156113,0.00010277477555802683,0.14409391150188264
0.00045473974160170296,0.6917723589875124,0.0,0.0,0.0003519727143347457,0.00010276702726695727,0.14393621324792594
0.0004518461949074072,0.6873705540880701,0.0,0.0,0.0003490869174935908,0.00010275927741381644,0.14378068851480452
0.000448949088953514,0.6829633346686668,0.0,0.0,0.00034619756292458994,0.00010275152602892409,0.14362730734535212
0.00044604930389763336,0.6785520396681514,0.0,0.0,0.00034330553075545187,0.0001027437731421815,0.14347604019529545
0.00044314769689965026,0.6741379730401073,0.0,0.0,0.0003404116781165732,0.00010273601878307708,0.14332685792756367
0.0004402451023427162,0.6697224040890362,0.0,0.0,0.00033751683936202384,0.00010272826298069235,0.1431797318066759
0.0004373423320667334,0.6653065678255449,0.0,0.0,0.0003346218263030266,0.00010272050576370679,0.143034633493206
0.00043444017561331406,0.66089166533899,0.0,0.0,0.0003317274284529111,0.00010271274716040297,0.1428915350383241
0.0004315394004812491,0.6564788641861088,0.0,0.0,0.00032883441328257533,0.00010270498719867377,0.1427504088784131
0.0004286407523915626,0.6520692987942337,0.0,0.0,0.0003259435264855366,0.000102697225906026,0.142611227829759
0.00042574495556128655,0.6476640708777714,0.0,0.0,0.000323055492251699,0.00010268946330958757,0.14247396508331522
0.0004228527129851202,0.6432642498666773,0.0,0.0,0.00032017101354900996,0.00010268169943611025,0.1423385941995384
0.00041996470672419907,0.6388708733457441,0.0,0.0,0.0003172907724122221,0.00010267393431197696,0.14220508910329566
0.0004170815982012212,0.6344849475035637,0.0,0.0,0.0003144154302380156,0.00010266616796320566,0.14207342407884205
0.00041420402850123213,0.6301074475900945,0.0,0.0,0.00031154562808577625,0.00010265840041545586,0.14194357376486716
0.0004113326186773939,0.6257393183818136,0.0,0.0,0.0003086819869833626,0.0001026506316940313,0.14181551314960997
0.0004084679700611172,0.6213814746535041,0.0,0.0,0.00030582510823723034,0.00010264286182388682,0.14168921756604114
0.0004056106645759477,0.6170348016557546,0.0,0.0,0.00030297557374631617,0.00010263509082963153,0.14156466268711182
0.00040276126505465413,0.6127001555973295,0.0,0.0,0.0003001339463191177,0.00010262731873553642,0.14144182452106738
0.0003999203155589697,0.6083783641315742,0.0,0.0,0.0002973007699934349,0.00010261954556553477,0.14132067940682638
0.00039708834170150154,0.6040702268461209,0.0,0.0,0.0002944765703582711,0.00010261177134323044,0.141201204009423
0.00039426585096931897,0.5997765157551459,0.0,0.0,0.0002916618548774181,0.00010260399609190086,0.1410833753155122
0.00039145333304878,0.5954979757935122,0.0,0.0,0.00028885711321427796,0.00010259621983450206,0.14096717062893685
0.00038865126015117247,0.5912353253121502,0.0,0.0,0.00028606281755750055,0.00010258844259367192,0.140852567566356
0.00038586008733877724,0.5869892565740814,0.0,0.0,0.00028327942294704105,0.00010258066439173619,0.14073954405293354
0.00038308025285097513,0.5827604362505082,0.0,0.0,0.0002805073676002635,0.00010257288525071164,0.14062807831808588
0.00038031217843005366,0.5785495059164467,0.0,0.0,0.00027774707323774194,0.00010256510519231172,0.1405181488912888
0.00037755626964637855,0.5743570825453944,0.0,0.0,0.00027499894540843083,0.0001025573242379477,0.1404097345979416
0.0003748129162226333,0.5701837590025778,0.0,0.0,0.0002722633738138962,0.00010254954240873708,0.14030281455528848
0.00037208249235682597,0.5660301045363276,0.0,0.0,0.0002695407326313216,0.00010254175972550441,0.1401973681683962
0.00036936535704380454,0.5618966652671832,0.0,0.0,0.0002668313808350185,0.00010253397620878605,0.14009337512618697
0.00036666185439502614,0.5577839646743405,0.0,0.0,0.00026413566251619114,0.00010252619187883502,0.1399908153975262
0.0003639723139563448,0.5536925040790875,0.0,0.0,0.0002614539072007211,0.00010251840675562373,0.13988966922736415
0.0003612970510236051,0.5496227631248998,0.0,0.0,0.0002587864301647555,0.00010251062085884963,0.13978991713293046
0.00035863636695583146,0.5455752002538798,0.0,0.0,0.00025613353274789465,0.00010250283420793678,0.13969153989998184
0.00035599054948583464,0.5415502531792667,0.0,0.0,0.000253495502663794,0.00010249504682204064,0.1395945185791005
0.0003533598730280582,0.5375483393537475,0.0,0.0,0.00025087261430800563,0.00010248725872005253,0.1394988344820445
0.0003507445989835018,0.5335698564333209,0.0,0.0,0.00024826512906289986,0.00010247946992060192,0.13940446917814783
0.0003481449760415814,0.5296151827365023,0.0,0.0,0.0002456732955995205,0.00010247168044206093,0.1393114044907704
0.00034556124047878454,0.5256846776986527,0.0,0.0,0.00024309735017623705,0.00010246389030254748,0.13921962249379674
0.00034299361645400084,0.5217786823212498,0.0,0.0,0.000240537516934072,0.00010245609951992885,0.13912910550818328
0.00034044231630041543,0.5178975196159308,0.0,0.0,0.0002379940081885893,0.00010244830811182614,0.13903983609855267
0.00033790754081385716,0.5140414950431411,0.0,0.0,0.0002354670247182421,0.00010244051609561508,0.13895179706983574
0.0003353894795375196,0.5102108969452673,0.0,0.0,0.00023295675604908769,0.00010243272348843195,0.13886497146395912
0.00033288831104296183,0.5064059969741076,0.0,0.0,0.000230463380735785,0.00010242493030717683,0.13877934255657903
0.0003304042032073166,0.5026270505125758,0.0,0.0,0.0002279870666388022,0.00010241713656851438,0.13869489385385958
0.0003279373134866463,0.4988742970905429,0.0,0.0,0.00022552797119776685,0.00010240934228887948,0.13861160908929585
0.0003254877891853816,0.4951479607947209,0.0,0.0,0.0002230862417009013,0.00010240154748448033,0.13852947222058068
0.00032305576772179287,0.49144825067251086,0.0,0.0,0.00022066201555049267,0.00010239375217130017,0.13844846742651457
0.00032064137688945485,0.48777536112975517,0.0,0.0,0.00021825542052435404,0.00010238595636510079,0.13836857910395803
0.00031824473511466594,0.48412947232233733,0.0,0.0,0.0002158665750332394,0.00010237816008142655,0.13828979186482634
0.00031586595170978967,0.4805107505415765,0.0,0.0,0.00021349558837418332,0.00010237036333560638,0.13821209053312558
0.00031350512712249694,0.47691934859338775,0.0,0.0,0.00021114256097973957,0.0001023625661427574,0.1381354601420291
0.0003111623531808874,0.4733554061711721,0.0,0.0,0.0002088075846631005,0.00010235476851778689,0.13805988593099477
0.00030883771333448096,0.4698190502224249,0.0,0.0,0.00020649074285908388,0.00010234697047539706,0.1379853533429219
0.0003065312828910638,0.46631039530903756,0.0,0.0,0.00020419211086097864,0.00010233917203008515,0.13791184802134698
0.0003042431292493941,0.46282954396130094,0.0,0.0,0.0002019117560532456,0.00010233137319614851,0.13783935580767867
0.00030352442652794816,0.4617362181937438,1.551113383938495e-06,1.551113383938495e-06,0.0001996497381400743,0.00010232357500393534,0.1379129189771113
0.0003003371722405927,0.4568876109238119,6.152847810145186e-07,6.152847810145186e-07,0.00019740610936980034,0.00010231577808977783,0.13793194543127535
0.0002976065389235731,0.45273363783012294,1.1674629595450871e-07,1.1674629595450871e-07,0.00019518181091759772,0.00010230798171002085,0.13789912218434602
0.000304367947488605,0.46301942357789094,9.089487690657437e-06,9.089487690657437e-06,0.0001929782721300188,0.00010230018766792872,0.13817530911029863
0.0004358211160177117,0.6629924194930177,0.0001427325475442257,0.0001427325475442257,0.00019079616350986826,0.00010229240496361771,0.13942862899368877
0.0004276318602929973,0.6505345227385273,0.00013670953331341084,0.00013670953331341084,0.00018863768688801648,0.00010228464009156997,0.14063654481397253
0.0002957164974475634,0.44985841420036454,6.9267821960981835e-06,6.9267821960981835e-06,0.00018651282962040214,0.00010227688563106305,0.14083064187569624
0.00033566582813513785,0.5106312919619947,4.896000359495779e-05,4.896000359495779e-05,0.00018443668661787956,0.0001022691379223005,0.14151155289508413
0.000377469200249395,0.5742246283157844,9.279092371635941e-05,9.279092371635941e-05,0.00018241687423419529,0.00010226140229884031,0.1424693300086335
0.00042901411924395284,0.6526372827301351,0.0001463031554259312,0.0001463031554259312,0.00018045728139155583,0.00010225368242646574,0.143674949553044
0.0005067074738865719,0.770828217680028,0.00022589527486964402,0.00022589527486964402,0.00017856621697736542,0.00010224598203956243,0.1451671409372974
0.00033810777417102024,0.5143460998294852,5.911480579750194e-05,5.911480579750194e-05,0.00017675467082850217,0.00010223829754501614,0.14586145298930625
0.000277737868349857,0.4225084433830452,4.710443571480843e-07,4.710443571480843e-07,0.000175036206196042,0.00010223061779666688,0.1457590735474819
0.0002813855682056028,0.4280575029950328,5.742295752590102e-06,5.742295752590102e-06,0.00017342033382747118,0.0001022229386255415,0.14585462754398917
0.0009275021657817244,1.41096170510391,0.0006533808058571625,0.0006533808058571625,0.00017190608175582397,0.00010221527816873781,0.1483421620360857
0.0007727764193113272,1.1755853241988072,0.0005000800007625701,0.0005000800007625701,0.00017048876783398088,0.00010220765071477618,0.15048874760439385
0.0005490071934735181,0.8351766221104502,0.00027762724948179646,0.00027762724948179646,0.00016917989425238334,0.00010220004973933832,0.15204378695151982
0.0003027622019087524,0.46057668478449704,3.256695087035385e-05,3.256695087035385e-05,0.00016800278816609724,0.0001021924628723013,0.15242215039490822
0.00027349855238143405,0.41605938837492146,4.340145003318464e-06,4.340145003318464e-06,0.00016697352835321678,0.00010218487902489883,0.1523889817580857
0.0002685192157060747,0.40848457763598367,2.4571844804221023e-07,2.4571844804221023e-07,0.00016609620320229043,0.00010217729405574207,0.15217428704201721
0.0002686857676413062,0.4087379445942425,1.1513157777380133e-06,1.1513157777380133e-06,0.00016536474467788992,0.00010216970718567828,0.1520290335168177
0.0002700027805043162,0.41074144904241827,3.071001022359604e-06,3.071001022359604e-06,0.00016476966002361914,0.00010216211945833744,0.15196361621327323
0.00027224804699982417,0.4141570583636586,5.792307500157297e-06,5.792307500157297e-06,0.00016430120754081418,0.00010215453195885273,0.1519736270220469
0.00026742956790036835,0.406826952044774,1.3315961562805688e-06,1.3315961562805688e-06,0.00016395102753399997,0.00010214694421008782,0.1518404533346023
0.0002718551894040601,0.4135594241546698,6.003728294861894e-06,6.003728294861894e-06,0.00016371210484576179,0.00010213935626343641,0.15185712893966993
0.00030481863212668416,0.46370502711486206,3.910954198291e-05,3.910954198291e-05,0.00016357731800572503,0.00010213177213804911,0.15229839178238566
0.0002827836698133318,0.43018436361178103,1.7119558700622885e-05,1.7119558700622885e-05,0.0001635399180060163,0.00010212419310669261,0.1524987882075791
0.00027013133968186635,0.4109370195575664,4.4177121985191216e-06,4.4177121985191216e-06,0.00016359701162272044,0.00010211661586062681,0.15246666003713888
0.00032221028792685214,0.49016206541374646,5.6354330572089555e-05,5.6354330572089555e-05,0.00016374691436240064,0.00010210904299236194,0.15303608217221523
0.00028177636627431943,0.4286520041506425,1.5689850295457137e-05,1.5689850295457137e-05,0.00016398504007950735,0.00010210147589935493,0.15320631042561492
0.0002730422834493792,0.4153652897365474,6.639091930411378e-06,6.639091930411378e-06,0.00016430928083024682,0.000102093910688721,0.15321821599260585
0.00027221134341820773,0.4141012230782959,5.406188804385167e-06,5.406188804385167e-06,0.00016471880855841454,0.00010208634605540804,0.15320142642040532
0.00027120737343924457,0.41257393479191534,3.919257366464607e-06,3.919257366464607e-06,0.00016520933454699062,0.00010207878152578935,0.15314559250169912
0.00027085538219096287,0.4120384684715337,3.0085657453019605e-06,3.0085657453019605e-06,0.00016577559980839716,0.00010207121663726374,0.15306258284661747
0.00027033589827410193,0.4112482041032662,1.8600770356548319e-06,1.8600770356548319e-06,0.00016641217032680133,0.00010206365091164575,0.15293835336932712
0.00027033369448734403,0.4112448515949526,1.1641486640677414e-06,1.1641486640677414e-06,0.00016711346197837175,0.00010205608384490454,0.15278318656443163
0.00026999382231161854,0.4107278214010934,7.15670840919106e-08,7.15670840919106e-08,0.0001678737406458287,0.00010204851458169793,0.15253668898398862
0.00027171510575256107,0.4133463220455123,9.870492474240192e-07,9.870492474240192e-07,0.00016868711340966072,0.00010204094309547633,0.1523772776808789
0.00027199887178011215,0.413778000819811,4.18268697432463e-07,4.18268697432463e-07,0.00016954723335315495,0.00010203336972952476,0.15218016546315866
0.00027251410230295025,0.4145617947168447,4.024542170720768e-08,4.024542170720768e-08,0.00017044806300193103,0.000102025793879312,0.15193425176207676
0.0002772126484926642,0.4217094532215132,3.8102442049129433e-06,3.8102442049129433e-06,0.00017138418764984232,0.00010201821663790889,0.1518929267824613
0.0002997683033595824,0.456022219730192,2.540771398224851e-05,2.540771398224851e-05,0.00017234994750718168,0.00010201064187015225,0.15219969667180758
0.0002995593584691615,0.4557043625329395,2.421533211721715e-05,2.421533211721715e-05,0.00017334095447281734,0.00010200307187912702,0.15248881926792268
0.00028019378913095956,0.42624451031716826,3.841819295743071e-06,3.841819295743071e-06,0.0001743564656562404,0.00010199550417897609,0.15244068236557332
0.0003402585913799799,0.5176180282717899,6.287285881999521e-05,6.287285881999521e-05,0.0001753977914927107,0.00010198794106727398,0.15305626592864333
0.00045371641070925594,0.6902156179316297,0.0001752720700485893,0.0001752720700485893,0.0001764639496203555,0.00010198039104031116,0.154224240123083
0.0006589483122956592,1.0024244347811386,0.00037941943008017913,0.00037941943008017913,0.00017755602000197045,0.00010197286221350957,0.15600115353643088
0.0016371058244379138,2.4904455328550306,0.0013564579653472407,0.0013564579653472407,0.00017868248948276047,0.0001019653696079128,0.1593167021788065
0.004487378051607373,6.826419194186379,0.004205561642512667,0.004205561642512667,0.00017985847117660936,0.00010195793791809607,0.1646267661251181
0.0012371684654319474,1.8820412413974374,0.0009541065122333431,0.0009541065122333431,0.00018111139067337876,0.00010195056252522563,0.1672929907756843
0.00028510364557524505,0.43371362432684357,6.716749414701934e-07,6.716749414701934e-07,0.0001824887670055314,0.00010194320362824345,0.16690920154162117
0.00028803088464993414,0.43816668372491957,2.0639144231761873e-06,2.0639144231761873e-06,0.0001840311297367852,0.00010193584048997275,0.16660082713194463
0.00028855097356412937,0.4389578684447526,8.811361991673759e-07,8.811361991673759e-07,0.0001857413640944717,0.00010192847327049028,0.16624019003253687
0.00029629231108105146,0.4507343700914687,6.767463608647374e-06,6.767463608647374e-06,0.00018760374451526224,0.00010192110295714185,0.16607248059612129
0.00030227029073218615,0.4598283654187275,1.0753080545023732e-05,1.0753080545023732e-05,0.00018960347874430916,0.00010191373144285326,0.16598295396782894
0.00034463628449561353,0.5242775893711973,5.100252657471067e-05,5.100252657471067e-05,0.00019172739567126885,0.00010190636224963403,0.16631842570883446
0.0003261569306024207,0.49616589147949236,3.0293273343612965e-05,3.0293273343612965e-05,0.00019396466019826192,0.00010189899706054581,0.1664712017001456
0.00030930322879041454,0.47052721512563317,1.1103513899870729e-05,1.1103513899870729e-05,0.0001963080819840002,0.00010189163290654361,0.16638198207241853
0.00031296783722430793,0.476101996894543,1.2331284186564012e-05,1.2331284186564012e-05,0.00019875228478853388,0.00010188426824921004,0.16631400138360372
0.000309890775722495,0.4714210202850185,6.724372280818259e-06,6.724372280818259e-06,0.00020128950091729956,0.00010187690252437717,0.16614432799697765
0.0003110908616309698,0.47324664972521036,5.3103456452261604e-06,5.3103456452261604e-06,0.0002039109811731551,0.00010186953481258851,0.16594458711098428
0.00032581728306118875,0.4956492030106227,1.7347196742633058e-05,1.7347196742633058e-05,0.0002066079199400277,0.000101862166378528,0.1659553092189163
0.00034893911904081105,0.5308232719481809,3.771316581747356e-05,3.771316581747356e-05,0.00020937115301567595,0.00010185480020766153,0.16618278331701306
0.00034490295635396386,0.5246832636583771,3.086240551910212e-05,3.086240551910212e-05,0.00021219311349424547,0.00010184743734061628,0.1663431193252699
0.00033536941086441494,0.510180367497178,1.84600724440071e-05,1.84600724440071e-05,0.00021506926209679712,0.00010184007632361074,0.16636276053096063
0.00033382572892740725,0.5078320429559164,1.3996816071230184e-05,1.3996816071230184e-05,0.0002179961971134911,0.00010183271574268597,0.1663205864895192
0.00033152704191719495,0.504335167732239,8.732297254184006e-06,8.732297254184006e-06,0.00022096939010581693,0.00010182535455719401,0.16619136664830766
0.00034298278561779307,0.5217622059229328,1.718150093865797e-05,1.718150093865797e-05,0.00022398329157849022,0.00010181799310064487,0.16619639544536532
0.0003440302052050251,0.5233555918807052,1.5187847600664787e-05,1.5187847600664787e-05,0.0002270317254883445,0.00010181063211601584,0.16617387794289964
0.00034625252889328205,0.5267362994802751,1.434011371661913e-05,1.434011371661913e-05,0.00023010914384898276,0.00010180327132768019,0.16613943111206636
0.00036045338796596144,0.5483393415758592,2.5446520525215094e-05,2.5446520525215094e-05,0.00023321095581195007,0.00010179591162879627,0.1662443824470523
0.0003610232447329277,0.5492062355899622,2.29021141451226e-05,2.29021141451226e-05,0.00023633257680655728,0.00010178855378124782,0.16631937995134663
0.0003417832914906676,0.5199374767295032,5.316338725685956e-07,5.316338725685956e-07,0.00023947046323308601,0.000101781194385013,0.16593876733720045
0.0003447538654095492,0.5244564592142392,3.58096803829681e-07,3.58096803829681e-07,0.00024262193840922033,0.00010177383019649921,0.1655485033998425
0.00034762080795949085,0.5288177925867508,7.28743879018954e-08,7.28743879018954e-08,0.00024578147264809794,0.000101766460923491,0.16512606292751422
0.00035076722897844106,0.5336042822895873,6.714804781497198e-08,6.714804781497198e-08,0.000248940994556336,0.0001017590863742901,0.16470821391983181
0.00035386072100570593,0.538310253818868,1.6362853870571353e-08,1.6362853870571353e-08,0.0002520926516354764,0.00010175170651635894,0.1642810823430494
0.00035697776868764605,0.5430520593633258,4.554354756118508e-09,4.554354756118508e-09,0.00025522889305477274,0.00010174432127811718,0.16385290270336514
0.00036008408125761066,0.5477775341298553,4.5515661293366245e-09,4.5515661293366245e-09,0.0002583425989974133,0.00010173693069406804,0.1634306245735675
0.0003631565619467515,0.5524515421828664,0.0,0.0,0.00026142702715447046,0.00010172953479228103,0.16300641259677032
0.00036621619743928307,0.5571060094938945,1.8173677560294726e-08,1.8173677560294726e-08,0.00026447589005247694,0.00010172213370924581,0.16260354646353462
0.0003691980556830539,0.5616421582461327,0.0,0.0,0.00026748332815849327,0.00010171472752456068,0.162190733924965
0.00037215130171324654,0.5661347806982214,0.0,0.0,0.00027044398550405525,0.00010170731620919127,0.16178361109209063
0.0003750709765335654,0.5705763329822036,1.8142011000431052e-08,1.8142011000431052e-08,0.00027335293457146295,0.00010169989995110202,0.16139759859826072
0.00037808394438786677,0.5751598071971076,1.859056284780856e-07,1.859056284780856e-07,0.0002762055595856565,0.00010169247917373223,0.16105097216093295
0.0003996603224731504,0.6079828499201613,1.8977531522545695e-05,1.8977531522545695e-05,0.00027899773366298893,0.00010168505728761575,0.16115205922478945
0.0004478934298418505,0.681357414342922,6.448978826469574e-05,6.448978826469574e-05,0.00028172600136429983,0.00010167764021285496,0.16165281404518297
0.00041883099408693834,0.6371462141753593,3.277058799020481e-05,3.277058799020481e-05,0.0002843901771641632,0.0001016702289325703,0.16189620384380085
0.0003991284064666499,0.6071736732484591,1.0470220349646732e-05,1.0470220349646732e-05,0.00028699536641937164,0.00010166281969763151,0.16186050478861974
0.00039190573460613375,0.5961861911921442,7.030324697286167e-07,7.030324697286167e-07,0.00028954729346973893,0.0001016554086666662,0.16155411859775737
0.00040201286459709106,0.6115616521795896,8.316783514586727e-06,8.316783514586727e-06,0.00029204808547653903,0.00010164799560596532,0.16148376200360515
0.0004345683658442583,0.6610866745944973,3.8431379682003406e-05,3.8431379682003406e-05,0.0002944964014235171,0.00010164058473873783,0.1617814769625383
0.000426434587704675,0.6487131730586917,2.7910589336762248e-05,2.7910589336762248e-05,0.0002968908204701391,0.00010163317789777365,0.161974568693626
0.00041051712863714553,0.6244987550061861,9.657576390761826e-06,9.657576390761826e-06,0.00029923377960344857,0.00010162577264293512,0.16192342016387912
0.0004133728145400572,0.6288429642161101,1.0225212119546962e-05,1.0225212119546962e-05,0.0003015292350732714,0.00010161836734723888,0.16188307477898722
0.00042721857134818186,0.6499058073610425,2.1828808313317967e-05,2.1828808313317967e-05,0.0003037787997959227,0.0001016109632389412,0.1620073592935554
0.0010370983068174622,1.5776847206758056,0.0006295121333698317,0.0006295121333698317,0.00030598259752928576,0.00010160357591834476,0.16419538122375565
0.0007489615843352248,1.1393570312585648,0.00033922349981401227,0.00033922349981401227,0.00030814186942714947,0.00010159621509406307,0.16571582279460448
0.00045074270023770914,0.6856918639694136,3.888224754156652e-05,3.888224754156652e-05,0.0003102715855447111,0.00010158886715143152,0.16595699504093145
0.00041578045782143444,0.632505589053984,1.8045146998506365e-06,1.8045146998506365e-06,0.00031239442377934735,0.00010158151934223643,0.1656512741452034
0.0004162600887691189,0.6332352271343383,1.6620212274197636e-07,1.6620212274197636e-07,0.0003145197195089099,0.00010157416713746703,0.1652431822186868
0.00041823005052248383,0.6362320294029072,1.823188954846574e-08,1.823188954846574e-08,0.0003166450089882921,0.00010156680964464324,0.1648094871170159
0.00042032342530470563,0.6394165736132765,0.0,0.0,0.0003187639786856157,0.00010155944661908997,0.16436627057680733
0.00042242198424838264,0.6426090042238681,0.0,0.0,0.00032086990621067334,0.00010155207803770932,0.163929162794055
0.00042462673910907646,0.6459629852627791,1.2577289623716718e-07,1.2577289623716718e-07,0.00032295626194199826,0.00010154470427084102,0.16353878734466612
0.0004267175319971656,0.6491436017693841,1.633073106413558e-07,1.633073106413558e-07,0.0003250168989643768,0.00010153732572214737,0.16315947361466054
0.0004940856605092956,0.7516272972063864,6.550932896262553e-05,6.550932896262553e-05,0.0003270463830699668,0.00010152994847670325,0.16363801707483608
0.000434674403021904,0.6612479835407136,4.111844275660019e-06,4.111844275660019e-06,0.00032903998495575524,0.00010152257379048874,0.16344207590355597
0.0008312908805238698,1.264600387464024,0.0003987770154002053,0.0003987770154002053,0.00033099865500618584,0.00010151521011747858,0.16512471017807082
0.0009659843116568055,1.4695026294953901,0.0005315520122235692,0.0005315520122235692,0.0003329244270114735,0.00010150787242176275,0.16707452546860357
0.0004820289091010526,0.7332859766654791,4.5701655696284474e-05,4.5701655696284474e-05,0.0003348267025445708,0.00010150055086019733,0.16735314660949074
0.00045193653043095096,0.6875079769093131,1.371574796481869e-05,1.371574796481869e-05,0.00033672755105678315,0.00010149323140934912,0.16729282520935732
0.00044738032996609377,0.680576861690545,7.255361811948956e-06,7.255361811948956e-06,0.00033863905723045774,0.00010148591092368706,0.16712070895129444
0.00044741475729523594,0.6806292342291985,5.375957480996244e-06,5.375957480996244e-06,0.0003405602114679687,0.00010147858834627103,0.1669089208986096
0.000451331619901382,0.6865877573953063,7.373075905820934e-06,7.373075905820934e-06,0.0003424872802622502,0.00010147126373331087,0.16674461976150487
0.0004559296675663817,0.6935825326237707,1.0049916885853196e-05,1.0049916885853196e-05,0.00034441581289225187,0.00010146393778827667,0.1666334843637132
0.00045819651195048457,0.6970309672855952,1.0398231231532515e-05,1.0398231231532515e-05,0.00034634166978360494,0.0001014566109353471,0.1665299881957301
0.00045512551736801303,0.6923592199708093,5.4146559495180904e-06,5.4146559495180904e-06,0.0003482615788846143,0.00010144928253388063,0.16632739159952545
0.0004571289696782409,0.6954069697141763,5.514176752034533e-06,5.514176752034533e-06,0.00035017284099632796,0.00010144195192987841,0.16613002012612557
0.0004563103342383954,0.6941616214026826,2.8033566374598324e-06,2.8033566374598324e-06,0.0003520723589539561,0.00010143461864697949,0.16585939383108508
0.00047688297700380515,0.7254577328142513,2.1499040386541678e-05,2.1499040386541678e-05,0.00035395665209884486,0.00010142728451841862,0.1659234402623492
0.0004861011683381572,0.7394808967948219,2.885917716059143e-05,2.885917716059143e-05,0.00035582203874105913,0.0001014199524365066,0.1660674019233172
0.0005019236279217801,0.7635507969812332,4.284431512614458e-05,4.284431512614458e-05,0.00035766668895637527,0.00010141262383926034,0.1663372038626587
0.0005195997449494745,0.7904405716266557,5.8702993213959856e-05,5.8702993213959856e-05,0.00035949145131595583,0.00010140530041955888,0.16672355030441682
0.0004894934915679351,0.7446414649801445,2.6797099507013477e-05,2.6797099507013477e-05,0.00036129841099868617,0.00010139798106223546,0.16683470876046452
0.00048176604433539783,0.7328860939141031,1.728434148059012e-05,1.728434148059012e-05,0.0003630910398030706,0.00010139066305173707,0.16683202143683915
0.0004770635707996077,0.7257324609383005,1.08085921061483e-05,1.08085921061483e-05,0.0003648716337752179,0.00010138334491824147,0.1667327635120256
0.0004681954045253914,0.7122417722164395,1.7941222033637647e-07,1.7941222033637647e-07,0.00036663996857085377,0.00010137602373420126,0.16631154604536447
0.0004759685111537542,0.7240666025908953,6.205264754154864e-06,6.205264754154864e-06,0.00036839454746228354,0.00010136869893731583,0.16613044490948872
0.00047533778042913044,0.7231071041320141,3.845016976902646e-06,3.845016976902646e-06,0.00037013139165101695,0.00010136137180121078,0.16589218841844047
0.0004743766859582489,0.7216450401677126,1.1763675980251838e-06,1.1763675980251838e-06,0.00037184627710438165,0.00010135404125584206,0.16555797806848332
0.000476588759321575,0.7250101544711417,1.7056798748754036e-06,1.7056798748754036e-06,0.00037353637260529086,0.00010134670684140868,0.1652535660902925
0.000480300044946692,0.7306559438686566,3.7625833412356494e-06,3.7625833412356494e-06,0.00037519809230737505,0.00010133936929808133,0.16502515048831667
0.00047840465308131297,0.7277725809646346,2.449431700029609e-07,2.449431700029609e-07,0.0003768276818831774,0.00010133202802813259,0.16463569137522
0.00048059473942231064,0.7311042475332128,8.477665875312199e-07,8.477665875312199e-07,0.0003784222905470696,0.00010132468228770986,0.16430024569161697
0.0004820295397585423,0.7332869360525294,7.334674624442499e-07,7.334674624442499e-07,0.00037997873986125375,0.00010131733243484433,0.16396211363070226
0.00048479297689417444,0.7374908119211672,1.98958098129569e-06,1.98958098129569e-06,0.0003814934169872292,0.00010130997892564957,0.16369174234344402
0.0004866275995199491,0.7402817296826404,2.3617014182215597e-06,2.3617014182215597e-06,0.0003829632757423481,0.0001013026223593794,0.16343946213063143
0.0004857078776587157,0.7388826037577393,2.672345028661841e-08,2.672345028661841e-08,0.00038438589241923383,0.00010129526178919526,0.16303391463204545
0.0004870474535652755,0.7409204322124499,0.0,0.0,0.0003857595575104067,0.00010128789605486878,0.16261517042234042
0.0004883623960568607,0.7429207871102488,0.0,0.0,0.00038708187095156386,0.00010128052510529688,0.1622021976732674
0.0004896227457608287,0.7448380927866611,0.0,0.0,0.0003883495967398092,0.00010127314902101951,0.16179491683803623
0.0004908254616376124,0.7466677230634077,0.0,0.0,0.0003895596937561469,0.00010126576788146555,0.16139324946623274
0.0004919678048972032,0.7484055115590365,0.0,0.0,0.0003907094231322356,0.00010125838176496752,0.1609971181887078
0.0004930473226273173,0.7500477267832864,0.0,0.0,0.0003917963318785388,0.00010125099074877845,0.16060644670267454
0.0004940618321452671,0.7515910483323894,0.0,0.0,0.00039281823723618254,0.00010124359490908458,0.16022115975701093
0.0004950094060446697,0.7530325441413896,0.0,0.0,0.00039377321172364793,0.00010123619432102182,0.1598411831377647
0.0004958883579091968,0.7543696487512018,0.0,0.0,0.00039465956885050837,0.00010122878905868848,0.15946644365385848
0.0004966972286666297,0.7556001425497304,0.0,0.0,0.000395475849471468,0.00010122137919516172,0.15909686912299165
0.0004974347735574728,0.7567221319478872,0.0,0.0,0.0003962208087549629,0.00010121396480250988,0.15873238835773656
0.0004980999496933645,0.757734030452837,0.0,0.0,0.0003968934037415576,0.00010120654595180691,0.1583729311518265
0.0004986919041814512,0.7586345406022129,0.0,0.0,0.00039749278146830483,0.00010119912271314634,0.1580184282666324
0.0004992099627917931,0.7594226367244208,0.0,0.0,0.0003980182676361383,0.0001011916951556549,0.1576688114178261
0.0004996536191457413,0.7600975484914669,0.0,0.0,0.0003984693557982364,0.00010118426334750481,0.15732401326222778
0.0005000225244040612,0.7606587452320289,0.0,0.0,0.0003988456970481329,0.00010117682735592832,0.15698396738483392
0.0005003164774343853,0.7611059209737017,0.0,0.0,0.00039914709018715574,0.00010116938724722958,0.1566486082860247
0.0005005354154383545,0.7614389801845468,0.0,0.0,0.00039937347235155534,0.00010116194308679911,0.15631787136894723
0.0005006794050195539,0.7616580241851988,0.0,0.0,0.000399524910080431,0.00010115449493912289,0.15599169292707304
0.0005007486336740859,0.7617633382039087,0.0,0.0,0.0003996015908062863,0.00010114704286779967,0.15567001013192708
0.0005007434016862895,0.7617553790479146,0.0,0.0,0.0003996038147507406,0.00010113958693554888,0.15535276102098533
0.000500664114412818,0.761634763365604,0.0,0.0,0.000399531987208593,0.00010113212720422501,0.1550398844857399
0.0005005112749389105,0.7614022564748736,0.0,0.0,0.00039938661120408127,0.00010112466373482931,0.15473132025992833
0.0005002854770913218,0.7610587617340562,0.0,0.0,0.00039916828050380094,0.00010111719658752083,0.1544270089079248
0.0004999873987929764,0.7606053104326963,0.0,0.0,0.00039887767297134706,0.00010110972582162932,0.15412689181329198
0.0004996177957449855,0.760043052180323,0.0,0.0,0.00039851554424932074,0.00010110225149566476,0.15383091116749
0.0004991774954222264,0.7593732457722331,0.0,0.0,0.0003980827217548962,0.00010109477366733021,0.1535390099587417
0.0004986673913692148,0.7585972505120914,0.0,0.0,0.00039758009897568184,0.00010108729239353296,0.1532511319610509
0.0004980884377835158,0.7577165179719519,0.0,0.0,0.0003970086300531221,0.00010107980773039369,0.15296722172337202
0.0004974416443744471,0.7567325841710638,0.0,0.0,0.00039636932464118653,0.00010107231973326054,0.15268722455892927
0.0004967280714852837,0.7556470621555315,0.0,0.0,0.00039566324302856834,0.00010106482845671544,0.15241108653468288
0.0004959488254676664,0.754461634961638,0.0,0.0,0.0003948914915130767,0.00010105733395458975,0.15213875446094044
0.0004951050542973201,0.7531780489462611,0.0,0.0,0.0003940552180173508,0.00010104983627996939,0.1518701758811115
0.0004941979434206593,0.7517981074685257,0.0,0.0,0.00039315560793544966,0.00010104233548520968,0.15160529906160353
0.0004932287118222267,0.7503236649073998,0.0,0.0,0.000392193880200285,0.00010103483162194173,0.15134407298185668
0.0004921986083033434,0.7487566210005941,0.0,0.0,0.00039117128356225777,0.00010102732474108559,0.15108644732451668
0.0004911089079627007,0.7470989154906673,0.0,0.0,0.0003900890930698431,0.00010101981489285751,0.15083237246574216
0.0004899609088700138,0.7453525230648231,0.0,0.0,0.00038894860674323315,0.00010101230212678067,0.15058179946564657
0.0004887559289241979,0.7435194485754159,0.0,0.0,0.00038775114243250186,0.000101004786491696,0.15033468005887113
0.00048749530288786416,0.7416017225286797,0.0,0.0,0.0003864980348520956,0.00010099726803576856,0.15009096664528815
0.00048618037959027925,0.7396013968297338,0.0,0.0,0.0003851906327837797,0.00010098974680649957,0.14985061228083205
0.00048481251929122346,0.7375205407723541,0.0,0.0,0.0003838302964404887,0.00010098222285073475,0.14961357066845712
0.0004833930911985017,0.7353612372624898,0.0,0.0,0.00038241839498382856,0.00010097469621467314,0.14937979614921992
0.0004819234711321475,0.7331255792649365,0.0,0.0,0.00038095630418827196,0.00010096716694387551,0.14914924369348417
0.00048040503932864363,0.7308156664630077,0.0,0.0,0.00037944540424536934,0.00010095963508327429,0.14892186889224743
0.0004788391783787489,0.7284336021214577,0.0,0.0,0.0003778870777015672,0.00010095210067718167,0.14869762794858685
0.0004772272712927842,0.7259814901432986,0.0,0.0,0.0003762827075234859,0.00010094456376929828,0.14847647766922306
0.00047557069968747997,0.7234614323115449,0.0,0.0,0.00037463367528475913,0.00010093702440272082,0.1482583754562003
0.0004738708420887307,0.7208755257072799,0.0,0.0,0.0003729413594687786,0.00010092948261995214,0.14804327929868127
0.0004721290723448241,0.7182258602957824,0.0,0.0,0.00037120713388191665,0.00010092193846290746,0.14783114776485487
0.0004703467581449492,0.7155145166728087,0.0,0.0,0.0003694323661720254,0.00010091439197292375,0.1476219399939556
0.0004685252596379899,0.7127435639634343,0.0,0.0,0.0003676184164472227,0.0001009068431907672,0.14741561568839312
0.00046666592814682286,0.7099150578661797,0.0,0.0,0.00036576663599018164,0.00010089929215664122,0.14721213510599
0.00046477010497353446,0.707031038835449,0.0,0.0,0.00036387836606333995,0.00010089173891019451,0.14701145905232665
0.00046283912029116195,0.7040935303955916,0.0,0.0,0.00036195493680063375,0.00010088418349052821,0.14681354887319162
0.0004608742921177478,0.7011045375801839,0.0,0.0,0.00035999766618154437,0.00010087662593620345,0.14661836644713616
0.00045887692536867404,0.6980660454903939,0.0,0.0,0.00035800785908342503,0.00010086906628524903,0.14642587417813102
0.0004568483109834079,0.6949800179665432,0.0,0.0,0.000355986806408239,0.00010086150457516893,0.14623603498832505
0.00045478972512295694,0.6918483963672377,0.0,0.0,0.0003539357842800078,0.00010085394084294918,0.14604881231090303
0.00045270242843448806,0.6886730984506689,0.0,0.0,0.00035185605330942307,0.00010084637512506499,0.14586417008304206
0.00045058766537971326,0.6854560173529218,0.0,0.0,0.00034974885792222484,0.0001008388074574884,0.14568207273896558
0.0004484466636237893,0.6821990206583396,0.0,0.0,0.0003476154257480955,0.00010083123787569383,0.14550248520309225
0.00044628063348162335,0.678903949557216,0.0,0.0,0.00034545696706695647,0.00010082366641466689,0.14532537288327985
0.00044409076741859857,0.675572618086275,0.0,0.0,0.00034327467430968856,0.00010081609310890998,0.1451507016641623
0.0004418782396028729,0.6722068124476056,0.0,0.0,0.0003410697216104246,0.00010080851799244828,0.14497843790057802
0.00043964420550652466,0.6688082904019056,0.0,0.0,0.0003388432644076869,0.00010080094109883774,0.14480854841108953
0.00043738980155293166,0.6653787807320564,0.0,0.0,0.00033659643909176093,0.00010079336246117072,0.14464100047159179
0.00043511614480789114,0.66191998277324,0.0,0.0,0.00033433036269580804,0.00010078578211208308,0.14447576180900912
0.0004328243327120914,0.6584335660059628,0.0,0.0,0.00033204613262833227,0.00010077820008375911,0.14431280059507864
0.0004305154428526586,0.6549211697085195,0.0,0.0,0.0003297448264447192,0.00010077061640793938,0.1441520854402194
0.0004281905327715921,0.6513844026655767,0.0,0.0,0.00032742750165566604,0.00010076303111592608,0.14399358538748636
0.00042585063980900745,0.6478248429297064,0.0,0.0,0.00032509519557041936,0.0001007554442385881,0.14383726990660725
0.00042349678097919845,0.6442440376328455,0.0,0.0,0.00032274892517282895,0.00010074785580636951,0.14368310888810198
0.00042112995287760864,0.6406435028447759,0.0,0.0,0.00032038968702831637,0.00010074026584929227,0.14353107263748288
0.0004187511316169066,0.6370247234758795,0.0,0.0,0.0003180184572199411,0.00010073267439696552,0.14338113186953497
0.00041636127279041923,0.6333891532215112,0.0,0.0,0.0003156361913118314,0.00010072508147858787,0.143233257702675
0.0004139613114612782,0.6297382145454876,0.0,0.0,0.00031324382433832313,0.00010071748712295511,0.1430874216533884
0.0004115521621756938,0.6260732987002796,0.0,0.0,0.0003108422708172281,0.00010070989135846573,0.14294359563074255
0.0004091347189988495,0.6223957657816183,0.0,0.0,0.0003084324247857242,0.00010070229421312531,0.14280175193097625
0.0004067098555719826,0.618706944815327,0.0,0.0,0.00030601515985743006,0.00010069469571455256,0.14266186323216312
0.00040427842518928,0.6150081338743001,0.0,0.0,0.0003035913292992943,0.0001006870958899857,0.14252390258894898
0.0004018412608932769,0.611300600223628,0.0,0.0,0.00030116176612699164,0.00010067949476628524,0.1423878434273616
0.00039939917558752384,0.6075855804919917,0.0,0.0,0.0002987272832175827,0.00010067189236994118,0.14225365953969216
0.00039695296216532734,0.603864280867509,0.0,0.0,0.0002962886734382491,0.00010066428872707824,0.14212132507944683
0.0003945033936534366,0.6001378773163182,0.0,0.0,0.0002938467097899772,0.0001006566838634594,0.14199081455636856
0.0003920512233696039,0.5964075158222665,0.0,0.0,0.00029140214556511195,0.00010064907780449194,0.14186210283152692
0.0003895971850929924,0.5926743126461428,0.0,0.0,0.0002889557145177606,0.00010064147057523183,0.1417351651124759
0.0003871419932464587,0.5889393546029744,0.0,0.0,0.0002865081310460698,0.00010063386220038888,0.14160997694847846
0.00038468634308978474,0.5852036993559819,0.0,0.0,0.00028406009038545237,0.0001006262527043324,0.14148651422579658
0.0003822309109229753,0.5814683757258442,0.0,0.0,0.0002816122688118817,0.00010061864211109359,0.14136475316304692
0.0003797763542987919,0.5777343840140157,0.0,0.0,0.0002791653238544192,0.00010061103044437267,0.1412446703066196
0.0003773233122437197,0.5740026963388727,0.0,0.0,0.00027671989451617796,0.00010060341772754175,0.14112624252616082
0.00037487240548662035,0.5702742569835499,0.0,0.0,0.00027427660150297037,0.00010059580398365,0.14100944701011744
0.0003724242366943512,0.5665499827543777,0.0,0.0,0.00027183604745892277,0.00010058818923542843,0.14089426126134302
0.00036997939071367175,0.5628307633488807,0.0,0.0,0.00026939881720837786,0.0001005805735052939,0.14078066309276435
0.00036753843481879354,0.5591174617323632,0.0,0.0,0.0002669654780034412,0.00010057295681535234,0.1406686306231079
0.00036510191896396807,0.5554109145221582,0.0,0.0,0.00026453657977656216,0.0001005653391874059,0.14055814227268495
0.0003626703760405246,0.5517119323786465,0.0,0.0,0.0002621126553975704,0.0001005577206429542,0.14044917675923507
0.00036024432213782235,0.5480213004022286,0.0,0.0,0.0002596942209346221,0.00010055010120320027,0.14034171309382637
0.00035782425680759024,0.544339778535453,0.0,0.0,0.0002572817759185369,0.00010054248088905338,0.1402357305768131
0.00035541066333117304,0.5406681019695627,0.0,0.0,0.00025487580361003843,0.00010053485972113463,0.14013120879384808
0.00035300400898921353,0.5370069815547496,0.0,0.0,0.0002524767712694342,0.00010052723771977936,0.14002812761195071
0.00035060474533334134,0.5333571042134605,0.0,0.0,0.000250085130428299,0.00010051961490504233,0.13992646717562893
0.0003482133084594517,0.5297191333561226,0.0,0.0,0.0002477013171627512,0.00010051199129670051,0.13982620790305456
0.0003458301192821901,0.5260937092987026,0.0,0.0,0.0002453257523679322,0.00010050436691425793,0.1397273304822914
0.00034345558381027307,0.5224814496815382,0.0,0.0,0.0002429588420333239,0.00010049674177694916,0.13962981586757575
0.0003410900934223027,0.518882949888921,0.0,0.0,0.00024060097751856123,0.00010048911590374146,0.13953364527564738
0.00033873402514275543,0.5152987834689435,0.0,0.0,0.00023825253582941358,0.00010048148931334184,0.1394388001821317
0.0003363877419178311,0.5117295025531348,0.0,0.0,0.00023591387989363395,0.00010047386202419717,0.13934526231797156
0.00033405159289088827,0.508175638275466,0.0,0.0,0.00023358535883638858,0.00010046623405449968,0.13925301366590812
0.00033172591367719065,0.504637701190308,0.0,0.0,0.00023126730825500044,0.00010045860542219022,0.13916203645701072
0.0003294110266377178,0.5011161816889658,0.0,0.0,0.00022896005049275636,0.00010045097614496145,0.13907231316725394
0.00032710724115180375,0.49761155041442934,0.0,0.0,0.00022666389491154276,0.000100443346240261,0.13898382651414212
0.00032481485388838826,0.49412425867401477,0.0,0.0,0.00022437913816309235,0.00010043571572529592,0.13889655945338067
0.00032253414907567154,0.4906547388495761,0.0,0.0,0.0002221060644586373,0.00010042808461703423,0.13881049517559263
0.00032026539876898926,0.4872034048050098,0.0,0.0,0.00021984494583677914,0.00010042045293221013,0.13872561710308118
0.0003180088631167255,0.4837706522907746,0.0,0.0,0.00021759604242939905,0.00010041282068732643,0.13864190888663622
0.0003157647906241017,0.4803568593451801,0.0,0.0,0.00021535960272544476,0.00010040518789865693,0.13855935440238523
0.00031353341841469336,0.476962386692219,0.0,0.0,0.00021313586383244257,0.00010039755458225076,0.13847793774868764
0.00031131497248952937,0.4735875781357214,0.0,0.0,0.00021092505173559445,0.00010038992075393489,0.1383976432430717
0.00030910966798364866,0.4702327609496416,0.0,0.0,0.000208727381554331,0.00010038228642931762,0.13831845541921364
0.0003069177094199928,0.4668982462642916,0.0,0.0,0.00020654305779620215,0.00010037465162379062,0.13824035902395884
0.00030473929096053035,0.4635843294483645,0.0,0.0,0.0002043722746079966,0.00010036701635253377,0.13816333901438357
0.0003025745966545068,0.4602912904865832,0.0,0.0,0.00020221521602399088,0.0001003593806305159,0.13808738055489744
0.0003004238006837364,0.4570193943528517,0.0,0.0,0.00020007205621123763,0.00010035174447249879,0.1380124690143858
0.00029828706760485265,0.4537688913787775,0.0,0.0,0.00019794295971181183,0.0001003441078930408,0.1379385899633915
0.0002961645525884379,0.4505400176174477,0.0,0.0,0.00019582808168194067,0.00010033647090649724,0.1378657291713354
0.0002940564016549782,0.44733299520237474,0.0,0.0,0.0001937275681279514,0.0001003288335270268,0.13779387260377532
0.00029196275190756865,0.4441480327014995,0.0,0.0,0.0001916415561389784,0.00010032119576859028,0.1377230064197029
0.000289883731761334,0.44098532546619695,0.0,0.0,0.00018957017411637728,0.0001003135576449567,0.1376531169688772
0.0002878194611695042,0.43784505597519346,0.0,0.0,0.00018751354199980064,0.00010030591916970359,0.13758419078919576
0.0002857700518461173,0.43472739417335315,0.0,0.0,0.00018547177148989667,0.00010029828035622063,0.13751621460410135
0.00028373560748530904,0.43163249780527224,0.0,0.0,0.00018344496626759618,0.00010029064121771287,0.13744917532002457
0.0002817162239771629,0.42856051274364043,0.0,0.0,0.0001814332222099614,0.00010028300176720149,0.13738306002386183
0.0002797119896201009,0.42551157331234046,0.0,0.0,0.00017943662760257234,0.0001002753620175286,0.1373178559804881
0.0002777229853297916,0.42248580260424895,0.0,0.0,0.00017745526334843434,0.00010026772198135729,0.1372535506303038
0.0002757492848445682,0.4194833127937286,0.0,0.0,0.00017548920317339228,0.00010026008167117597,0.1371901315868156
0.0002737909549273434,0.4165042054437908,0.0,0.0,0.00017353851382804304,0.00010025244109930038,0.1371275866342505
0.0002718480555640167,0.4135485718079229,0.0,0.0,0.00017160325528614188,0.00010024480027787481,0.137065903725203
0.00026992064015837693,0.41061649312658316,0.0,0.0,0.00016968348093950085,0.00010023715921887608,0.13700507097831408
0.00026800875572349786,0.40770804091836116,0.0,0.0,0.00016777923778938273,0.00010022951793411514,0.1369450766759831
0.0002661124430696349,0.40482327726581535,0.0,0.0,0.00016589056663439622,0.00010022187643523868,0.13688590926211058
0.0002642317369886348,0.4019622550960065,0.0,0.0,0.00016401750225490168,0.0001002142347337331,0.13682755733987226
0.00026236666643486426,0.39912501845573495,0.0,0.0,0.00016216007359393933,0.00010020659284092495,0.1367700096695237
0.00026051725470267983,0.3963116027815162,0.0,0.0,0.00016031830393469575,0.00010019895076798408,0.13671325516623564
0.0002586835196004514,0.3935220351643146,0.0,0.0,0.0001584922110745257,0.0001001913085259257,0.1366572828979584
0.00025686547362116074,0.39075633460906545,0.0,0.0,0.00015668180749554923,0.00010018366612561151,0.1366020820833164
0.0002550631241096011,0.38801451228902806,0.0,0.0,0.00015488710053184696,0.00010017602357775414,0.13654764208953166
0.0002532764734261949,0.38529657179499244,0.0,0.0,0.00015310809253327778,0.00010016838089291715,0.13649395243037515
0.00025150551910746216,0.3826025093793923,0.0,0.0,0.00015134478102594474,0.00010016073808151739,0.1364410027641475
0.00024975025402316624,0.3799323141953625,0.0,0.0,0.00014959715886933878,0.00010015309515382746,0.1363887828916866
0.0002480106665301664,0.3772859685307874,0.0,0.0,0.00014786521441018837,0.00010014545211997805,0.13633728275440327
0.00024628674062300744,0.3746634480373849,0.0,0.0,0.00014614893163304826,0.00010013780898995916,0.13628649243234361
0.0002445784560812805,0.37206472195487894,0.0,0.0,0.00014444829030765878,0.00010013016577362172,0.13623640214227833
0.0002428857886137918,0.36948975333031636,0.0,0.0,0.00014276326613311065,0.00010012252248068116,0.1361870022358183
0.00024120870999956763,0.3669384992325702,0.0,0.0,0.0001410938308788506,0.00010011487912071702,0.136138283197556
0.0002395471882257409,0.36441091096209977,0.0,0.0,0.00013943995252256358,0.00010010723570317732,0.13609023564323267
0.00023790118762234818,0.3619069342560102,0.0,0.0,0.00013780159538496995,0.00010009959223737823,0.1360428503179308
0.00023627066899408177,0.3594265094884805,0.0,0.0,0.00013617872026157497,0.0001000919487325068,0.1359961180942914
0.00023465558974903304,0.3569695718666138,0.0,0.0,0.00013457128455141048,0.00010008430519762257,0.1359500299707559
0.00023305590402446789,0.35453605162177376,0.0,0.0,0.0001329792423828079,0.00010007666164166,0.13590457706983228
0.00023147156280967212,0.3521258741964623,0.0,0.0,0.00013140254473624328,0.00010006901807342884,0.13585975063638506
0.00022990251406591284,0.349738960426811,0.0,0.0,0.00012984113956429548,0.00010006137450161736,0.13581554203594873
0.00022834870284355177,0.34737522672073995,0.0,0.0,0.00012829497190875868,0.00010005373093479308,0.13577194275306503
0.00022681007139635539,0.34503458523185143,0.0,0.0,0.00012676398401495131,0.00010004608738140406,0.13572894438964228
0.00022528655929304498,0.34271694402912545,0.0,0.0,0.00012524811544326294,0.00010003844384978202,0.13568653866333777
0.00022377810352612544,0.3404222072624757,0.0,0.0,0.00012374730317798264,0.0001000308003481428,0.13564471740596265
0.00022228463861803804,0.33815027532423403,0.0,0.0,0.00012226148173345052,0.00010002315688458752,0.13560347256190844
0.00022080609672468123,0.3359010450066314,0.0,0.0,0.00012079058325757585,0.00010001551346710538,0.1355627961865953
0.00021934240773633962,0.3336744096553364,0.0,0.0,0.00011933453763276435,0.00010000787010357528,0.1355226804449419
0.00021789349937606392,0.3314702593191149,0.0,0.0,0.00011789327257429812,0.00010000022680176581,0.1354831176098561
0.00021645929729554868,0.32928848089568474,0.0,0.0,0.00011646671372621064,9.999258356933804e-05,0.13544410006074653
0.00021503972516854667,0.32712895827382155,0.0,0.0,0.00011505478475470032,9.998494041384633e-05,0.13540562028205486
0.00021363470478186702,0.3249915724717901,0.0,0.0,0.00011365740743912552,9.997729734274152e-05,0.13536767086180806
0.00021224415612399234,0.3228762017721528,0.0,0.0,0.00011227450176062341,9.996965436336893e-05,0.13533024449019068
0.00021086799747136944,0.3207827218530393,0.0,0.0,0.00011090598598839587,9.996201148297356e-05,0.1352933339581368
0.00020950614547240323,0.3187110059159223,0.0,0.0,0.00010955177676370472,9.995436870869851e-05,0.1352569321559417
0.00020815851522920713,0.31666092480998015,0.0,0.0,0.00010821178918161858,9.994672604758854e-05,0.13522103207189207
0.00020682502037714344,0.31463234715309746,0.0,0.0,0.00010688593687055336,9.993908350659009e-05,0.1351856267909155
0.000205505573162202,0.31262513944957765,0.0,0.0,0.00010557413206964834,9.993144109255367e-05,0.13515070949324848
0.00020420008451625286,0.3106391662046207,0.0,0.0,0.00010427628570401935,9.99237988122335e-05,0.13511627345312294
0.00020290846413022087,0.3086742900356398,0.0,0.0,0.00010299230745793026,9.991615667229063e-05,0.1350823120374705
0.0002016306205252171,0.30673037178047036,0.0,0.0,0.00010172210584592327,9.990851467929382e-05,0.13504881870464508
0.00020036646112166906,0.30480727060253404,0.0,0.0,0.00010046558828194918,9.990087283971988e-05,0.13501578700316247
0.00019911589230649294,0.3029048440930245,0.0,0.0,9.922266114653722e-05,9.989323115995572e-05,0.13498321057045806
0.00019787881949834447,0.3010229483701701,0.0,0.0,9.79932298520446e-05,9.988558964629987e-05,0.13495108313166096
0.00019665514721098728,0.299161438175633,0.0,0.0,9.677719890602469e-05,9.98779483049626e-05,0.13491939849838552
0.0001954447791148219,0.29732016696811026,0.0,0.0,9.557447197275331e-05,9.987030714206856e-05,0.13488815056753928
0.00019424761809660806,0.29549898701418614,0.0,0.0,9.438495193295107e-05,9.986266616365698e-05,0.13485733332014738
0.00019306356631742207,0.29369774947649957,0.0,0.0,9.320854094174022e-05,9.985502537568185e-05,0.13482694082019314
0.00019189252526888992,0.2919163044992892,0.0,0.0,9.204514048487343e-05,9.984738478401649e-05,0.13479696721347478
0.00019073439582772264,0.2901545012913547,0.0,0.0,9.089465143327157e-05,9.983974439445107e-05,0.13476740672647755
0.0001895890783086028,0.28841218820651066,0.0,0.0,8.97569740959074e-05,9.983210421269541e-05,0.13473825366526207
0.0001884564725154509,0.2866892128215753,0.0,0.0,8.86320082710711e-05,9.982446424437982e-05,0.13470950241436708
0.00018733647779110987,0.28498542201195304,0.0,0.0,8.751965329605321e-05,9.981682449505667e-05,0.13468114743572807
0.00018622899306548106,0.28330066202486154,0.0,0.0,8.641980809528071e-05,9.980918497020035e-05,0.13465318326761047
0.00018513391690215008,0.2816347785502608,0.0,0.0,8.533237122694032e-05,9.980154567520976e-05,0.13462560452355765
0.00018405114754353177,0.2799876167895303,0.0,0.0,8.425724092812355e-05,9.979390661540823e-05,0.1345984058913533
0.00018298058295457192,0.27835902152195,0.0,0.0,8.319431515852714e-05,9.978626779604478e-05,0.13457158213199824
0.00018192212086503721,0.27674883716903365,0.0,0.0,8.214349164274194e-05,9.977862922229526e-05,0.1345451280787012
0.00018087565881042748,0.2751569078567671,0.0,0.0,8.110466791116309e-05,9.977099089926438e-05,0.13451903863588385
0.00017984109417153754,0.27358307747579097,0.0,0.0,8.007774133955342e-05,9.976335283198412e-05,0.13449330877819904
0.00017881832421270981,0.27202718973959333,0.0,0.0,7.90626091872917e-05,9.975571502541812e-05,0.13446793354956277
0.0001778072461187964,0.27048908824073703,0.0,0.0,7.805916863433716e-05,9.974807748445923e-05,0.1344429080621998
0.00017680775703087382,0.2689686165051919,0.0,0.0,7.706731681694057e-05,9.974044021393325e-05,0.1344182274957021
0.00017581975408073,0.2674656180447973,0.0,0.0,7.608695086213209e-05,9.973280321859792e-05,0.13439388709610012
0.00018528757824680365,0.28186853571100906,1.0444441204987608e-05,1.0444441204987608e-05,7.511796792101522e-05,9.97251691208008e-05,0.13474402960726994
0.00017387780307753147,0.2645114271007881,0.0,0.0,7.416026520089646e-05,9.971753787663502e-05,0.13471519874781884
0.00017292595834152627,0.2630634342860477,0.0,0.0,7.321605149191753e-05,9.970990684960874e-05,0.13468676525785123
0.00017198963040468518,0.26163904638589847,0.0,0.0,7.228735435947321e-05,9.970227604521197e-05,0.1346587236605096
0.00017106838512075746,0.26023760295580795,0.0,0.0,7.137373965189985e-05,9.96946454688576e-05,0.134631068554423
0.00017016234645325325,0.25885929257513685,5.41141933231136e-10,5.41141933231136e-10,7.047479016633997e-05,9.968701514498006e-05,0.13460652409453788
0.0001692694900339912,0.25750103567589483,0.0,0.0,6.959010495550216e-05,9.967938507848904e-05,0.13457958844374882
0.0001683910707798261,0.2561647412990421,0.0,0.0,6.871931552451835e-05,9.967175525530777e-05,0.13455302404119318
0.00016752619268601188,0.2548490463982904,0.0,0.0,6.786206700545008e-05,9.96641256805618e-05,0.1345268257700371
0.00016667666113555734,0.25355669741066444,2.16383212998805e-09,2.16383212998805e-09,6.701800090593845e-05,9.96564963974889e-05,0.13450644647373636
0.00016591060282790848,0.2523913320068454,7.49625918204205e-08,7.49625918204205e-08,6.618677260119239e-05,9.964886763489566e-05,0.1345129841616889
0.00016502293971093745,0.2510409754133126,1.3615779208654629e-08,1.3615779208654629e-08,6.536808448096668e-05,9.96412394507621e-05,0.13450102478767142
0.0001642027033725566,0.24979319173658707,7.244367438556619e-09,7.244367438556619e-09,6.456184731362776e-05,9.963361169149029e-05,0.1344855282549682
0.00018401208168417868,0.2799281878916175,2.0618076585657763e-05,2.0618076585657763e-05,6.376801717735207e-05,9.962598792116886e-05,0.13498300742558392
0.00016260477399155157,0.24736234332756124,0.0,0.0,6.298640598519426e-05,9.961836800635733e-05,0.13495088278668854
0.0001749931418706138,0.26620813507982516,1.3162417476318049e-05,1.3162417476318049e-05,6.221997319989599e-05,9.961075119439976e-05,0.13533835275969586
0.00021296988659256315,0.3239802184927148,5.189537122974458e-05,5.189537122974458e-05,6.147137219226931e-05,9.960314317054926e-05,0.13612088469988184
0.00017607837223135487,0.2678590406374755,1.57404090484289e-05,1.57404090484289e-05,6.0742419107511475e-05,9.959554407541451e-05,0.13653040992732934
0.00015969774322105755,0.24294002579122562,6.996898699860622e-08,6.996898699860622e-08,6.003982594543997e-05,9.958794828861897e-05,0.13650792242970014
0.0001589609135724993,0.24181912445465073,1.055173677242607e-08,1.055173677242607e-08,5.937000916428833e-05,9.958035267143854e-05,0.1364668133828147
0.00015830786619026697,0.24082567680359154,1.0953155841705942e-09,1.0953155841705942e-09,5.873401383357418e-05,9.957275704110864e-05,0.1364181159479504
0.00015769518257081268,0.23989363248468057,0.0,0.0,5.813002124845601e-05,9.956516132235666e-05,0.1363662115195138
0.00015711807497837215,0.23901570815986567,4.379427885598704e-09,4.379427885598704e-09,5.7556129998375064e-05,9.955756555211149e-05,0.1363227766643932
0.00015657793417884987,0.23819401953033256,1.7506851521148682e-08,1.7506851521148682e-08,5.701045747960511e-05,9.954996984772362e-05,0.13628768596072752
0.00015605111983584393,0.2373926037589156,1.7506006818422947e-08,1.7506006818422947e-08,5.6491239558353594e-05,9.95423742706719e-05,0.13625307890545943
0.00015554781362822276,0.23662694971400453,1.613862145154814e-08,1.613862145154814e-08,5.5996896183437604e-05,9.953477882333361e-05,0.13621833187638696
0.0001550667755677699,0.23589517106481464,1.3619472812610034e-08,1.3619472812610034e-08,5.5525972595348444e-05,9.952718349960884e-05,0.13618285387465126
0.00015459707988789992,0.23518064700029054,4.1062677781069775e-10,4.1062677781069775e-10,5.507708104233752e-05,9.951958821878457e-05,0.1361365671590393
0.0001541783859551479,0.23454370929052837,1.7502370020816853e-08,1.7502370020816853e-08,5.464889058325391e-05,9.951199300187317e-05,0.13610404294505443
0.0001537768592314613,0.23393288717970329,3.240221146166215e-08,3.240221146166215e-08,5.424005903309261e-05,9.950439798690702e-05,0.13607755281297215
0.00015335050548173938,0.23328429698134176,4.377689189687283e-09,4.377689189687283e-09,5.384932466737141e-05,9.94968031251783e-05,0.136038096479931
0.0001530839642398992,0.23287882139439223,1.1914973226553026e-07,1.1914973226553026e-07,5.347560594901461e-05,9.948920855861906e-05,0.13603183699269894
0.00015270104655019657,0.23229630825716208,1.016051080892776e-07,1.016051080892776e-07,5.3117826944767653e-05,9.948161449733966e-05,0.13602257475911944
0.00015225020165651797,0.231610460931527,1.0946462145146248e-09,1.0946462145146248e-09,5.277508632294823e-05,9.947402068735522e-05,0.13598000016953116
0.00015191320722299207,0.23109780849999603,7.227378177701276e-11,7.227378177701276e-11,5.244670806856331e-05,9.946642688064697e-05,0.13593513083847183
0.00015159065198224364,0.2306071216754612,0.0,0.0,5.2131818923652245e-05,9.94588330585914e-05,0.13588988328905743
0.00015128498191540625,0.23014212140417817,4.376559528560949e-09,4.376559528560949e-09,5.1829366078715554e-05,9.945123927716212e-05,0.1358530135654876
0.00015139710460962646,0.23031268793615436,4.151272334373024e-07,4.151272334373024e-07,5.153833130518567e-05,9.944364607100349e-05,0.13588423480219586
0.00034348485957044956,0.5225259854012603,0.00019279099974017452,0.00019279099974017452,5.125779570829859e-05,9.943606412197647e-05,0.13737470493842327
0.00025457940813128506,0.3872786598600738,0.00010416354997980519,0.00010416354997980519,5.098735743580908e-05,9.942850071567081e-05,0.1384543910454755
0.0008702886514962858,1.3239257059985805,0.0007201316237163591,0.0007201316237163591,5.0736063291002176e-05,9.942096448892457e-05,0.14117785856592643
0.0006003037964020733,0.9132115259676402,0.00045037149000587244,0.00045037149000587244,5.051884353742129e-05,9.94134628587795e-05,0.1433258729682117
0.00014976332050406962,0.2278272955646926,0.0,0.0,5.0357344743234955e-05,9.940597576083467e-05,0.143178760422805
0.00014967692399348373,0.22769586496281521,0.0,0.0,5.02784367652195e-05,9.939848722826423e-05,0.14303367549770837
0.00014968060646774247,0.22770146692295157,0.0,0.0,5.0289609178442085e-05,9.939099728930039e-05,0.14289059024667072
0.00014976723318626417,0.22783324772841193,0.0,0.0,5.038372721447849e-05,9.938350597178566e-05,0.1427494771086181
0.00014993004124410646,0.22808091931708602,0.0,0.0,5.055402794092836e-05,9.93760133031781e-05,0.14261030890234502
0.00015016262334098185,0.22843473459007502,0.0,0.0,5.0794104030425396e-05,9.936851931055646e-05,0.1424730588212785
0.00015045891219419465,0.228885463699888,0.0,0.0,5.10978881735697e-05,9.936102402062494e-05,0.14233770042831484
0.00015081316557140925,0.2294243712815563,0.0,0.0,5.145963811169035e-05,9.93535274597189e-05,0.14220420765072708
0.0001512199519200228,0.23004319459133155,0.0,0.0,5.187392226621206e-05,9.934602965381076e-05,0.14207255477514302
0.00015167413657075072,0.23073412251890457,0.0,0.0,5.233560594223748e-05,9.933853062851323e-05,0.14194271644259246
0.000152170868493848,0.23148977544032087,0.0,0.0,5.2839838084763074e-05,9.93310304090849e-05,0.14181466764362227
0.0001527055675871625,0.23230318587994467,0.0,0.0,5.3382038566725834e-05,9.932352902043667e-05,0.1416883837134792
0.0001532739124759646,0.23316777995096274,0.0,0.0,5.3957885988830145e-05,9.931602648713445e-05,0.1415638403273589
0.0001538718288052327,0.23407735954503575,0.0,0.0,5.456330597182863e-05,9.930852283340407e-05,0.14144101349572058
0.00015449547800576867,0.23502608524276314,0.0,0.0,5.5194459922631006e-05,9.930101808313765e-05,0.1413198795596661
0.00015514124651618705,0.23600845991764535,0.0,0.0,5.584773425628992e-05,9.929351225989711e-05,0.14120041518638268
0.00015580573544348326,0.23701931300723386,0.0,0.0,5.651973005656459e-05,9.928600538691866e-05,0.1410825973646488
0.00015648575064550739,0.23805378542610514,0.0,0.0,5.7207253158390975e-05,9.927849748711641e-05,0.14096640340040148
0.00015717829321928322,0.23910731509622532,0.0,0.0,5.7907304636193766e-05,9.927098858308944e-05,0.14085181091236515
0.00015788055037968426,0.2401756230711461,0.0,0.0,5.861707168256071e-05,9.926347869712355e-05,0.14073879782774054
0.0001585898867135602,0.2412547002313533,0.0,0.0,5.9333918862363465e-05,9.925596785119674e-05,0.14062734237795285
0.0001593063141413946,0.24234456471087007,2.4783057737442143e-09,2.4783057737442143e-09,6.005537972795412e-05,9.924845610766674e-05,0.1405232395345311
0.00016002175830242128,0.24343293339677827,1.6660003164174522e-09,1.6660003164174522e-09,6.0779148781591284e-05,9.924094352051358e-05,0.1404195244939726
0.00016074440787420126,0.24453226330630132,7.868026640957683e-09,7.868026640957683e-09,6.15031097059218e-05,9.923343014163852e-05,0.14032283294679404
0.00016149351722179065,0.24567184512225665,4.228240331024722e-08,4.228240331024722e-08,6.222531869367262e-05,9.922591612480777e-05,0.14024112460574484
0.00016217086284699188,0.2467022564501624,8.467188108763252e-09,8.467188108763252e-09,6.294399416937818e-05,9.921840148950496e-05,0.140147280437914
0.0001628737664348634,0.24777154780220034,5.2815059433548986e-09,5.2815059433548986e-09,6.365759878437544e-05,9.92108861445446e-05,0.14005247073796162
0.00016357077075802452,0.24883186490393275,2.692912536355352e-09,2.692912536355352e-09,6.436470777005985e-05,9.920337007542832e-05,0.1399565401916795
0.00016426223510577538,0.24988375432383378,2.4760066872367642e-09,2.4760066872367642e-09,6.506390581716346e-05,9.919585328192468e-05,0.13986168287160194
0.00016494488350374996,0.2509222324893062,2.69220211807499e-09,2.69220211807499e-09,6.575385551917653e-05,9.918833578245536e-05,0.1397683819138125
0.00016561659952969498,0.2519440797951982,2.475362565279895e-09,2.475362565279895e-09,6.643330657195947e-05,9.918081759517023e-05,0.13967611793911378
0.00016627688201094484,0.25294853383311333,2.475046840591985e-09,2.475046840591985e-09,6.71011082278595e-05,9.917329873624476e-05,0.13958512561908318
0.00016692416974444562,0.25393321962452964,2.186313780424355e-09,2.186313780424355e-09,6.775620420974645e-05,9.916577922091875e-05,0.13949503805626656
0.000167557952734032,0.2548973613383109,2.067336345973614e-09,2.067336345973614e-09,6.839762633450378e-05,9.915825906318223e-05,0.13940604167342402
0.00016817689105787516,0.2558389206197686,1.6634280636344326e-09,1.6634280636344326e-09,6.902448935437147e-05,9.915073827544005e-05,0.13931772473126022
0.0001687808658438468,0.2567577166348012,1.6632250601395795e-09,1.6632250601395795e-09,6.963598574779469e-05,9.914321687099199e-05,0.13923062504255918
0.00016936914190688847,0.257652630983903,2.0665811147926083e-09,2.0665811147926083e-09,7.023138045518346e-05,9.913569487059023e-05,0.139145273007693
0.0001699402466808558,0.25852142352735846,2.0663374453501425e-09,2.0663374453501425e-09,7.0810008048728e-05,9.912817229468244e-05,0.13906109736165564
0.00017049399105680224,0.2593638065833792,2.0660971906227477e-09,2.0660971906227477e-09,7.137127579998851e-05,9.912064915962312e-05,0.13897808189053157
0.00017102985099089744,0.26017898295083336,2.0658603019890387e-09,2.0658603019890387e-09,7.191465964905407e-05,9.911312548154139e-05,0.1388962106038782
0.00017154736390797524,0.2609662489377305,2.065626731537444e-09,2.065626731537444e-09,7.243969700490123e-05,9.910560127634248e-05,0.13881546773164585
0.00017204572195783234,0.26172437560278905,1.6620715240843494e-09,1.6620715240843494e-09,7.294598333042288e-05,9.909807655588536e-05,0.13873529054339484
0.00017252578538327535,0.26245467158948377,2.0651677968690183e-09,2.0651677968690183e-09,7.343316887976892e-05,9.909055133570956e-05,0.13865676559791418
0.00017298604278026636,0.263154837675994,2.064943922312091e-09,2.064943922312091e-09,7.390095220141344e-05,9.90830256349306e-05,0.1385793229449502
0.00017342664499950163,0.26382510334378445,2.064723180904625e-09,2.064723180904625e-09,7.434908080772945e-05,9.907549946859127e-05,0.13850294766749677
0.00017384532448308282,0.26446201907276046,0.0,0.0,7.47773516687418e-05,9.906797281434101e-05,0.13842230845559356
0.00017424605052533413,0.2650716231477849,0.0,0.0,7.51856048750188e-05,9.906044565031533e-05,0.13834278067646025
0.00017462660619638556,0.26565054306659835,0.0,0.0,7.557368820442367e-05,9.905291799196188e-05,0.13826434901146012
0.00017498684708529334,0.26619855914420293,0.0,0.0,7.59414572307781e-05,9.904538985451525e-05,0.1381869983530897
0.00017532666920560164,0.2667155131913108,0.0,0.0,7.62888079526018e-05,9.903786125299985e-05,0.1381107138020691
0.00017564600651231372,0.2672013047370395,0.0,0.0,7.661567431008232e-05,9.90303322022314e-05,0.13803548066447185
0.00017594482853405038,0.2676558874268349,0.0,0.0,7.692202581722932e-05,9.902280271682105e-05,0.13796128444889477
0.00017622313811567857,0.2680792655884481,0.0,0.0,7.720786530450094e-05,9.901527281117763e-05,0.13788811086366648
0.00017648162708654516,0.2684724916665533,6.577986655132177e-10,6.577986655132177e-10,7.747322676737024e-05,9.900774252050942e-05,0.13781894838373038
0.00017671948256003543,0.2688343290582334,1.0973580006960772e-09,1.0973580006960772e-09,7.771817331647217e-05,9.900021188556258e-05,0.13775161476334874
0.00017693659195681716,0.2691646065022964,1.0972561122429584e-09,1.0972561122429584e-09,7.794281377511597e-05,9.899268092558895e-05,0.13768520918775587
0.00017713684184530467,0.26946923643690046,4.387390292094769e-09,4.387390292094769e-09,7.814730477442686e-05,9.898514968058572e-05,0.13762359486590892
0.002251898812593703,3.4256987267094186,0.002074589334867886,0.002074589334867886,7.833182880263506e-05,9.897764892318172e-05,0.14195734001537566
0.0004285758207519906,0.651970521605063,0.0002511090197741138,0.0002511090197741138,7.849661084044055e-05,9.897019013743628e-05,0.14355873041586073
0.00022818192165264726,0.347121511007527,5.0550109493675745e-05,5.0550109493675745e-05,7.866906448349594e-05,9.896274767547557e-05,0.14421286899032937
0.00017795616792980784,0.27071563539086124,1.1573481560228128e-07,1.1573481560228128e-07,7.888512358410801e-05,9.895530953009755e-05,0.14409313101404284
0.00017851754126315018,0.2715696239903865,4.1376554593317537e-07,4.1376554593317537e-07,7.915590514549356e-05,9.894787057172345e-05,0.14401022848022724
0.00017890056310784042,0.2721522955732832,4.78917961749343e-07,4.78917961749343e-07,7.948121404168303e-05,9.894043110440807e-05,0.14393412925838772
0.0001789597137152326,0.27224227837326265,1.7043629557333896e-07,1.7043629557333896e-07,7.985628646332844e-05,9.893299095633084e-05,0.14382668314798722
0.00017920241347782706,0.2726114851347045,0.0,0.0,8.027686389414631e-05,9.892554958368076e-05,0.14367266804448015
0.00017967453909296423,0.27332970573572674,1.7685592969155715e-08,1.7685592969155715e-08,8.073874671434219e-05,9.891810678565287e-05,0.14353627520433884
0.00018015191143699844,0.2740559079176271,3.7829329579250115e-09,3.7829329579250115e-09,8.12374658640999e-05,9.891066263994061e-05,0.14339343399541427
0.00018067182282725341,0.27484682257935056,0.0,0.0,8.176860576185771e-05,9.890321706539571e-05,0.1432453902710212
0.00018122921567132995,0.2756947558637199,5.39443863705552e-09,5.39443863705552e-09,8.23280511325944e-05,9.889577010009849e-05,0.1431079518622965
0.00019588939749313794,0.2979965422137255,1.408924006246129e-05,1.408924006246129e-05,8.291183264557508e-05,9.888832478510157e-05,0.14339479603383165
0.00018401465188754587,0.27993209781081685,1.6175426399007682e-06,1.6175426399007682e-06,8.351622718374768e-05,9.888088206389742e-05,0.14339427507945146
0.000185307429227223,0.28189873399432724,2.293589534639774e-06,2.293589534639774e-06,8.414039956091908e-05,9.887344013166416e-05,0.1434217273388369
0.000185656860207221,0.282430305509245,2.006481314218144e-06,2.006481314218144e-06,8.478437979153789e-05,9.886599910146495e-05,0.14343751452331546
0.00019276501744311606,0.29324358231194897,8.459873311066578e-06,8.459873311066578e-06,8.544658404680993e-05,9.885856008523955e-05,0.14362392842590074
0.00019736374281187596,0.3002393884965537,1.2387012429084172e-05,1.2387012429084172e-05,8.612560564588089e-05,9.885112473691091e-05,0.14387704538861262
0.0002059681797048885,0.313328879171534,2.0303397118083587e-05,2.0303397118083587e-05,8.682108831410551e-05,9.884369427269939e-05,0.1442377350162848
0.0002039399306439377,0.3102434073969182,1.756951815854238e-05,1.756951815854238e-05,8.75341433270309e-05,9.88362691583644e-05,0.1445580192302024
0.0002011879777359125,0.3060570018975841,1.4092253774215021e-05,1.4092253774215021e-05,8.82668752258799e-05,9.882884873581759e-05,0.14482448139863552
0.00019026443427860027,0.28943957277350685,2.421345102929126e-06,2.421345102929126e-06,8.902165832265717e-05,9.882143085301397e-05,0.14483683073860426
0.00018919426372653318,0.28781157693413983,5.801248410625885e-07,5.801248410625885e-07,8.980012578658074e-05,9.881401309888984e-05,0.14475735427692096
0.00019082712638379755,0.2902955675533449,1.418639123711439e-06,1.418639123711439e-06,9.060189207108541e-05,9.88065951890007e-05,0.14472860057157708
0.0001983148824086518,0.30168630861897466,8.091260048793427e-06,8.091260048793427e-06,9.142444355631541e-05,9.879917880354294e-05,0.14488963022757853
0.00021502905290793716,0.32711272310846834,2.3972140859616648e-05,2.3972140859616648e-05,9.226514518359948e-05,9.879176686472104e-05,0.14527966454191182
0.000253427736024466,0.3855266798653009,6.152038714105589e-05,6.152038714105589e-05,9.312298568290156e-05,9.878436320050854e-05,0.145989231559938
0.00025667577022389507,0.3904677485132644,6.389922020984002e-05,6.389922020984002e-05,9.399957993718458e-05,9.877697007687045e-05,0.14670490377737455
0.0003007165829630395,0.4574647890907514,0.00010704718094302454,0.00010704718094302454,9.48998127878108e-05,9.87695892322042e-05,0.1476632307093001
0.0005307437717412041,0.8073934107939151,0.00033615128205545085,0.00033615128205545085,9.583026169164415e-05,9.876222799410912e-05,0.14942807249009685
0.0003404531078894176,0.5179139363094771,0.00014489959573207455,0.00014489959573207455,9.679862485453957e-05,9.875488730280351e-05,0.15052486926543765
0.00030148405987994625,0.4586323125524286,0.00010491791260779397,0.00010491791260779397,9.781858620101329e-05,9.874756107113898e-05,0.15141635382742497
0.00026830314699426985,0.4081558833328595,7.065909388837867e-05,7.065909388837867e-05,9.890380670270793e-05,9.874024640318324e-05,0.15209823769683087
0.00022305863433782873,0.33932771550801893,2.4263990355982614e-05,2.4263990355982614e-05,0.00010006170487530185,9.873293910654425e-05,0.15238934848930005
0.00020970195534711074,0.31900888148418105,9.679682369030434e-06,9.679682369030434e-06,0.00010129663796692338,9.872563501115694e-05,0.15247315031572223
0.00020814314720010696,0.31663754621169404,6.815881632533222e-06,6.815881632533222e-06,0.0001026089332976909,9.871833226988284e-05,0.15249917790903397
0.0002774179662434262,0.4220217926363319,7.471178558877175e-05,7.471178558877175e-05,0.0001039951455186196,9.871103513603487e-05,0.15319098721311852
0.0006794655250164374,1.0336362232949583,0.00047531143284118083,0.00047531143284118083,0.00010545033466293541,9.870375751232121e-05,0.1552084085113535
0.0009679065548130659,1.4724268398977403,0.0007622364940350029,0.0007622364940350029,0.00010697354859431722,9.869651218374571e-05,0.15773503296870717
0.0003830835340198302,0.5827654277252166,0.00017581812738256576,0.00017581812738256576,0.00010857611391764967,9.86892927196148e-05,0.15883558459682773
0.00038428282215809324,0.5845898435583035,0.00017532081936425144,0.00017532081936425144,0.00011027991372931826,9.868208906452355e-05,0.1599178451864191
0.00036795063881261373,0.5597445266292748,0.0001571759707602123,0.0001571759707602123,0.00011209976758220087,9.867490047020056e-05,0.1609114994157242
0.0002174580794723279,0.33080787724338817,4.749728531649143e-06,4.749728531649143e-06,0.00011404063255431427,9.86677183863645e-05,0.1607707446622882
0.0002149089613518269,0.32693003395362946,1.4202389493813826e-07,1.4202389493813826e-07,0.00011610640396222187,9.86605334946669e-05,0.1604265446857744
0.0002171383109203259,0.33032142966621075,1.9188523958406156e-07,1.9188523958406156e-07,0.00011829308121892837,9.865334446181349e-05,0.1600941263043377
0.00021925280837099739,0.3335381067139918,1.809844000009078e-08,1.809844000009078e-08,0.00012058855877275741,9.864615115823989e-05,0.15973139965621994
0.00022163721287539413,0.3371653795865522,1.8089112730119723e-08,1.8089112730119723e-08,0.00012298017035431943,9.863895340834458e-05,0.15937367240009387
0.00022963965747655612,0.3493390901136199,5.552107470240366e-06,5.552107470240366e-06,0.00012545579695183911,9.863175305447664e-05,0.15927439575723018
0.00022749599176541461,0.34607804087993355,8.676363042371687e-07,8.676363042371687e-07,0.0001280038046888491,9.862455077232836e-05,0.15901447662050228
0.0002294559628771266,0.3490596448952781,2.2380820852231143e-07,2.2380820852231143e-07,0.0001306148095668821,9.861734510172218e-05,0.15870559733807585
0.00023707568364153255,0.36065113718370906,5.185024180513547e-06,5.185024180513547e-06,0.00013328052229058746,9.861013717043154e-05,0.15860669669329544
0.00023462474953825954,0.3569226562280481,3.001884152389642e-08,3.001884152389642e-08,0.0001359918039267764,9.860292676995925e-05,0.15826895068952415
0.00023750581609468304,0.3613054757307314,1.690928009408799e-07,1.690928009408799e-07,0.00013874101083132467,9.859571246241749e-05,0.15796326095002278
0.00024073559135995962,0.36621876799410447,6.263639840662391e-07,6.263639840662391e-07,0.00014152073256976693,9.858849480612645e-05,0.15770546497514024
0.0002441675412710517,0.371439618227165,1.2635683040477467e-06,1.2635683040477467e-06,0.0001443226985409717,9.858127442603224e-05,0.15748933545637897
0.00030726792436103586,0.4674310103791339,6.15542675799259e-05,6.15542675799259e-05,0.00014713959992579322,9.857405685531674e-05,0.1580230491418042
0.000397877394526711,0.6052705726358649,0.0001493454456926778,0.0001493454456926778,0.00014996509833891422,9.856685049511897e-05,0.15901198244433074
0.0002774793282708717,0.4221151395567676,2.6121564152315727e-05,2.6121564152315727e-05,0.00015279811102805168,9.855965309050427e-05,0.15922546242439217
0.00025784851991813776,0.392251792765985,3.651027442268587e-06,3.651027442268587e-06,0.0001556450357569168,9.85524567189524e-05,0.15907780471358318
0.0002615530406023119,0.3978872910041262,4.4978934405380045e-06,4.4978934405380045e-06,0.00015850988811377714,9.854525904799676e-05,0.15895601951854543
0.0002646540837639912,0.4026047496887817,4.726592749586917e-06,4.726592749586917e-06,0.00016138943070254832,9.853806031185597e-05,0.1588419645502283
0.0003546107312359561,0.5394512061016341,9.180132160641627e-05,9.180132160641627e-05,0.00016427854337427026,9.853086625526952e-05,0.15954182698732208
0.0003488298479216326,0.5306570433717713,8.313355897516476e-05,8.313355897516476e-05,0.0001671726068202451,9.852368212622266e-05,0.16018221233780844
0.0002694351488729983,0.4098779400136062,8.463015336586225e-07,8.463015336586225e-07,0.000170072346221409,9.851650111793067e-05,0.1599083938846986
0.0002717772921245834,0.41344092299927815,2.848992687138691e-07,2.848992687138691e-07,0.0001729830762707032,9.850931658516635e-05,0.15959412434450596
0.00027444121099070456,0.4174934068039201,3.530903852757899e-08,3.530903852757899e-08,0.00017590377395304706,9.850212799912992e-05,0.15924444129449042
0.000280499053836596,0.426708893933146,3.1765211895111163e-06,3.1765211895111163e-06,0.00017882759622466754,9.849493642241737e-05,0.15908193293348577
0.00028863551533403443,0.43908647752429814,8.40013715181474e-06,8.40013715181474e-06,0.00018174763412638864,9.848774405583107e-05,0.1590478567747869
0.00028323347195014685,0.4308686246446219,9.459318276506975e-08,9.459318276506975e-08,0.00018465832903180626,9.848054973557553e-05,0.15871948516007028
0.0002860870706915371,0.43520965876225215,5.731563221765467e-08,5.731563221765467e-08,0.00018755640366867048,9.8473351390649e-05,0.15838780210560197
0.0002889445058943936,0.43955652909289794,4.05994986114957e-08,4.05994986114957e-08,0.00019043775739594846,9.846614899983366e-05,0.15805632954325566
0.0002917737055400935,0.443860446111584,1.8046163851565775e-08,1.8046163851565775e-08,0.00019329671683343704,9.845894254280494e-05,0.15772168945788723
0.0002945841889726748,0.448135891110528,4.5120063691228264e-09,4.5120063691228264e-09,0.0001961279449903304,9.845173197597531e-05,0.15738391654990236
0.0002973709442316631,0.45237523965007065,0.0,0.0,0.00019892642697542142,9.844451725624169e-05,0.15704304503848532
0.00030012473331200766,0.45656443842463595,0.0,0.0,0.00020168743491675258,9.84372983952551e-05,0.15670687168518754
0.00030283659113711843,0.46068984932078494,0.0,0.0,0.00020440651567864924,9.843007545846922e-05,0.15637533173631457
0.00030550237552214363,0.46474517104411955,0.0,0.0,0.00020707952701170762,9.842284851043601e-05,0.15604836133065797
0.0003081182880659466,0.46872462528086095,0.0,0.0,0.00020970267045113168,9.841561761481493e-05,0.15572589748719465
0.00031068085645935035,0.4726229297842849,0.0,0.0,0.00021227247362496214,9.84083828343882e-05,0.1554078780929552
0.00031319141486597,0.4764421141494033,4.4972553553053495e-09,4.4972553553053495e-09,0.00021478577332533102,9.840114428528368e-05,0.1551019959598812
0.00031563535193586737,0.4801599508753183,1.7505617430785484e-09,1.7505617430785484e-09,0.00021723969931273276,9.839390206139149e-05,0.1547974149982373
0.0003180183628969275,0.48378510382152723,0.0,0.0,0.00021963170672932098,9.838665616760651e-05,0.15449219267678924
0.00032033894614722836,0.48731528867766766,0.0,0.0,0.00022195953951802743,9.837940662920092e-05,0.1541911771684061
0.00032259329025550115,0.4907447073078857,0.0,0.0,0.0002242211367507249,9.837215350477626e-05,0.15389431049149568
0.00032478066007422145,0.49407224136977473,1.1222368496558485e-09,1.1222368496558485e-09,0.00022641464095813282,9.836489687923899e-05,0.15360541361663452
0.0003269005399254663,0.49729710638883035,4.485830943941322e-09,4.485830943941322e-09,0.00022853841723122938,9.835763686329297e-05,0.1533243744718944
0.00032894592238278753,0.500408642324856,4.484054885281236e-09,4.484054885281236e-09,0.0002305910647889057,9.835037353899656e-05,0.1530472088305029
0.00033148621085103637,0.504273053515309,5.716761293410647e-07,5.716761293410647e-07,0.00023257142720518601,9.834310751650928e-05,0.15285342084338852
0.0003854430922881357,0.586354903286963,5.262869410208265e-05,5.262869410208265e-05,0.00023447855370478223,9.833584448127084e-05,0.1533898378661821
0.0003744901800404462,0.5696927969210676,3.984943675505812e-05,3.984943675505812e-05,0.00023631215454444703,9.832858874094107e-05,0.15381565349719584
0.0003843542745002717,0.5846985403595327,4.79558873352538e-05,4.79558873352538e-05,0.00023807704721414663,9.832133995087128e-05,0.154302348223
0.000552347502623073,0.8402580639303275,0.0002142517652580216,0.0002142517652580216,0.00023978163319525076,9.831410416980057e-05,0.15559516870561702
0.0008753823556504856,1.3316744981457633,0.0005356418952272009,0.0005356418952272009,0.00024143356772213007,9.830689270115473e-05,0.15770262252064138
0.0006401601070505061,0.973842897091466,0.00029881494440985035,0.00029881494440985035,0.0002430454556205372,9.829970702011855e-05,0.1592105631248423
0.000647217846348013,0.984579475657831,0.00030428612078300813,0.00030428612078300813,0.0002446391826633228,9.829254290168205e-05,0.16071119679638757
0.0006578949867605654,1.0008220644063237,0.0003133729234103097,0.0003133729234103097,0.000246236663038205,9.82854003120507e-05,0.1622145408433563
0.0004798464933804076,0.7299659790201349,0.0001337134378530543,0.0001337134378530543,0.0002478547807653038,9.827827476204947e-05,0.1630733213925374
0.0006176653410056578,0.9396227576400374,0.00026988480060937347,0.00026988480060937347,0.00024950937525863214,9.827116513765226e-05,0.16441451808769109
0.00043945388228082904,0.66851876139275,8.99784610833424e-05,8.99784610833424e-05,0.00025121135152500576,9.826406967248084e-05,0.1650230848769499
0.00035292552646191944,0.5368875900917244,1.6986052432870033e-06,1.6986052432870033e-06,0.0002529699442839499,9.825697693468255e-05,0.1647257947821567
0.0003548533448759758,0.5398202818491986,1.8112324099911275e-06,1.8112324099911275e-06,0.0002547922317825151,9.824988068346951e-05,0.16443746312443727
0.00043599929407804334,0.6632634726819941,8.108179206015942e-05,8.108179206015942e-05,0.00025667471512523234,9.824278689265156e-05,0.16499468735305603
0.00036471285620668487,0.554819053207262,7.868626459800498e-06,7.868626459800498e-06,0.00025860853308757806,9.823569665930632e-05,0.1648672656756694
0.00036017445101742967,0.5479150090329964,1.355266178602627e-06,1.355266178602627e-06,0.00026059058090253966,9.822860393628741e-05,0.16455632409391857
0.00036084302437543295,0.5489320755585504,2.6541844216223203e-09,2.6541844216223203e-09,0.0002626188636030925,9.82215065879188e-05,0.16412251549869386
0.0003630499456647295,0.5522893522747201,1.4942288886523719e-07,1.4942288886523719e-07,0.00026468611870566024,9.821440407020403e-05,0.16373312537626056
0.0003680121101221574,0.5598380397949886,3.0212220259011877e-06,3.0212220259011877e-06,0.00026678359028952704,9.820729780672916e-05,0.16350309822957554
0.0003718345515811106,0.5656529248891261,4.731830705836373e-06,4.731830705836373e-06,0.0002689025316007052,9.820018927456906e-05,0.1633256962329013
0.0003797904154267411,0.5777557744902851,1.056138454244202e-05,1.056138454244202e-05,0.0002710359511830097,9.819307970128936e-05,0.16327148656052534
0.00038703534763648935,0.5887771200797187,1.5670814317104217e-05,1.5670814317104217e-05,0.0002731785628175305,9.818597050185462e-05,0.1632970546759317
0.00043008191276116186,0.6542616625076964,5.6576578690543423e-05,5.6576578690543423e-05,0.00027532646911631215,9.817886495430628e-05,0.16371214164267173
0.00038229333793981385,0.5815633427602865,6.644327352330233e-06,6.644327352330233e-06,0.0002774772486643266,9.817176192315702e-05,0.16357714401265736
0.00037831185773143627,0.5755065201339855,5.156840155845342e-07,5.156840155845342e-07,0.00027963151759554804,9.81646561203037e-05,0.16323323224256642
0.00037995058731495556,0.5779994358086544,4.192440205412686e-09,4.192440205412686e-09,0.0002817888492726431,9.815754560210705e-05,0.16281918609635024
0.00038211661770007013,0.5812945072793634,2.2021447437170158e-08,2.2021447437170158e-08,0.00028394416626451556,9.815042998811742e-05,0.16242046377886996
0.0003843947376695818,0.5847600949137646,1.6045295848794966e-07,1.6045295848794966e-07,0.0002860909750848493,9.814330962624451e-05,0.16205619399562501
0.00038638280279829334,0.5877844369232523,2.3781132766762436e-08,2.3781132766762436e-08,0.0002882228370714939,9.813618459403268e-05,0.16166866566243107
0.00038846323983176325,0.5909492995967878,1.7056046017410152e-10,1.7056046017410152e-10,0.0002903340146174003,9.812905465390278e-05,0.16127024209656635
0.00039054111574539374,0.5941102661694313,0.0,0.0,0.00029241919598703854,9.81219197583552e-05,0.1608758062029417
0.00039258797640629746,0.5972240508211195,0.0,0.0,0.0002944731964327225,9.8114779973575e-05,0.1604868067337001
0.0003945987587026387,0.6002829512982384,0.0,0.0,0.0002964911233273419,9.810763537529681e-05,0.1601031687597833
0.00039656894980981134,0.6032801024710487,0.0,0.0,0.00029846846377160166,9.810048603820967e-05,0.159724818384864
0.00039849440669542354,0.6062092017558334,0.0,0.0,0.00030040107465945006,9.809333203597346e-05,0.15935168273111175
0.0004003713370760379,0.609064480145357,0.0,0.0,0.0003022851636348066,9.808617344123128e-05,0.15898368992515577
0.0004021962811963392,0.6118406744904447,0.0,0.0,0.0003041172708707154,9.80790103256238e-05,0.15862076908424005
0.0004039660943983466,0.614533000983413,0.0,0.0,0.00030589425163854244,9.807184275980414e-05,0.15826285030257042
0.0004056779304494916,0.6171371297959277,0.0,0.0,0.00030761325963604187,9.806467081344974e-05,0.15790986463784903
0.00040732922559955396,0.6196491608256322,0.0,0.0,0.0003092717310442767,9.805749455527724e-05,0.15756174409799478
0.00040891768333755545,0.6220656005075892,0.0,0.0,0.00031086736928450065,9.805031405305481e-05,0.1572184216280467
0.0004104412598208034,0.6243833396482282,0.0,0.0,0.00031239813044718715,9.804312937361623e-05,0.15687983109724776
0.0004118981499493066,0.626599632241065,0.0,0.0,0.00031386220936643346,9.803594058287315e-05,0.15654590728630696
0.00041328677405979685,0.6287120752249952,0.0,0.0,0.00031525802631397006,9.802874774582677e-05,0.1562165858748365
0.0004146057652145572,0.6307185891474387,0.0,0.0,0.0003165842142879746,9.802155092658262e-05,0.1558918034289625
0.0004158539570611828,0.6326173996960128,0.0,0.0,0.00031783960687282146,9.801435018836133e-05,0.1555714973891065
0.00041703037224030833,0.6344070200637992,0.0,0.0,0.0003190232266467969,9.800714559351142e-05,0.15525560605793523
0.0004181342113191968,0.6360862341145785,0.0,0.0,0.0003201342741156763,9.799993720352051e-05,0.15494406858847626
0.00041916484222992374,0.6376540803156777,0.0,0.0,0.00032117211715089564,9.799272507902809e-05,0.15463682497239772
0.00042012179019169156,0.6391098364073021,0.0,0.0,0.0003221362809118536,9.798550927983794e-05,0.1543338160284496
0.0004210047280975836,0.6404530047783951,0.0,0.0,0.0003230264382326567,9.797828986492685e-05,0.15403498339106436
0.00042181346734682627,0.641683298520226,0.0,0.0,0.00032384240045436717,9.797106689245912e-05,0.15374026949911437
0.00042254794910432964,0.6428006281299756,0.0,0.0,0.0003245841086845336,9.796384041979604e-05,0.1534496175848244
0.00042320823596998715,0.6438050888376664,0.0,0.0,0.0003252516254664796,9.795661050350759e-05,0.1531629716628373
0.0004237945040408758,0.6446969485307935,0.0,0.0,0.00032584512684149305,9.794937719938272e-05,0.1528802765194299
0.00042430703535014514,0.6454766362519929,0.0,0.0,0.0003263648947877045,9.794214056244064e-05,0.15260147770187782
0.0004247462106670041,0.6461447312460274,0.0,0.0,0.0003268113100200622,9.793490064694193e-05,0.15232652150796683
0.00042511250264281073,0.6467019525332838,0.0,0.0,0.00032718484513641295,9.792765750639778e-05,0.15205535497564857
0.00042540646928885075,0.6471491489878504,0.0,0.0,0.00032748605809527034,9.792041119358039e-05,0.15178792587283918
0.00042562874777194576,0.6474872898990914,0.0,0.0,0.0003277155860114104,9.791316176053533e-05,0.1515241826873582
0.0004257800485145565,0.647717455996437,0.0,0.0,0.00032787413925596816,9.790590925858832e-05,0.15126407461700642
0.00042586114958658144,0.6478408309179109,0.0,0.0,0.00032796249584822414,9.78986537383573e-05,0.15100755155978038
0.000425872891376528,0.6478586931036557,0.0,0.0,0.0003279814961267656,9.789139524976234e-05,0.1507545641042216
0.00042581617153022034,0.6477724080964482,0.0,0.0,0.00032793203768818674,9.788413384203362e-05,0.1505050635198991
0.0004256919401456738,0.6475834212319059,0.0,0.0,0.00032781507058195143,9.787686956372235e-05,0.15025900174802267
0.0004255011952131947,0.6472932507017447,0.0,0.0,0.0003276315927504853,9.78696024627094e-05,0.1500163313921863
0.0004252449782902075,0.6469034809741131,0.0,0.0,0.00032738264570399253,9.786233258621499e-05,0.14977700570923794
0.0004249243704007093,0.6464157565556423,0.0,0.0,0.0003270693104199014,9.78550599808079e-05,0.14954097860027674
0.00042454048814965573,0.6458317760804602,0.0,0.0,0.00032669270345724196,9.784778469241378e-05,0.14930820460177266
0.000424094480042961,0.6451532867119941,0.0,0.0,0.00032625397327663705,9.784050676632398e-05,0.1490786388768098
0.0004235875230041635,0.6443820788439528,0.0,0.0,0.0003257542967569575,9.7833226247206e-05,0.1488522372064497
0.0004230208190791546,0.6435199810873987,0.0,0.0,0.00032519487590004526,9.782594317910939e-05,0.1486289559812139
0.0004223955923207242,0.6425688555313651,0.0,0.0,0.0003245769347152472,9.781865760547701e-05,0.14840875219268396
0.00042171308584498264,0.6415305932649421,0.0,0.0,0.0003239017162758321,9.781136956915057e-05,0.14819158342521715
0.0004209745590520582,0.6404071101492651,0.0,0.0,0.0003231704799396763,9.780407911238189e-05,0.14797740784777647
0.00042018128500374824,0.6392003428282694,0.0,0.0,0.00032238449872690943,9.779678627683883e-05,0.14776618420587273
0.0004193345479511154,0.6379122449675485,0.0,0.0,0.0003215450568475017,9.778949110361372e-05,0.14755787181361862
0.00041843564100528996,0.6365447837110643,0.0,0.0,0.000320653447372057,9.778219363323295e-05,0.14735243054589167
0.0004174858639450072,0.6350999363458664,0.0,0.0,0.00031971097003934547,9.777489390566173e-05,0.14714982083060504
0.00041648652115468493,0.6335796871653935,0.0,0.0,0.0003187189291943704,9.776759196031456e-05,0.1469500036410856
0.0004154389196870773,0.631986024522289,0.0,0.0,0.000317678631851015,9.776028783606234e-05,0.14675294048855625
0.00041434436744479294,0.6303209380620355,0.0,0.0,0.00031659138587355454,9.775298157123839e-05,0.14655859341472247
0.0004132041714752002,0.6285864161290832,0.0,0.0,0.0003154584982715533,9.774567320364689e-05,0.14636692498446052
0.00041201963637345736,0.6267844433374596,0.0,0.0,0.00031428127360288695,9.77383627705704e-05,0.146177898278607
0.0004107920627886244,0.6249169982981949,0.0,0.0,0.0003130610124798473,9.773105030877711e-05,0.1459914768868472
0.0004095227460280187,0.6229860514961982,0.0,0.0,0.00031179901017349147,9.772373585452723e-05,0.14580762490070204
0.00040821297475517797,0.6209935633095364,0.0,0.0,0.00031049655531159825,9.771641944357973e-05,0.14562630690661116
0.0004068640297769841,0.6189414821643461,0.0,0.0,0.0003091549286657833,9.770910111120083e-05,0.1454474879791116
0.00040547718291567876,0.61683174281889,0.0,0.0,0.00030777540202350925,9.77017808921695e-05,0.1452711336741105
0.00040405369596169043,0.6146662647705452,0.0,0.0,0.00030635923714090573,9.769445882078469e-05,0.14509721002225043
0.000402594819703351,0.6124469507797607,0.0,0.0,0.0003049076847724804,9.768713493087056e-05,0.14492568352236623
0.00040110179302975456,0.6101756855052828,0.0,0.0,0.00030342198377396855,9.767980925578601e-05,0.14475652113503212
0.00039957584210315397,0.6078543342451629,0.0,0.0,0.00030190336027472565,9.767248182842833e-05,0.1445896902761975
0.0003980181795974567,0.605484741778322,0.0,0.0,0.0003003530269162159,9.766515268124079e-05,0.1444251588109107
0.0003964300039995166,0.60306873130164,0.0,0.0,0.00029877218215329846,9.765782184621816e-05,0.1442628950471291
0.00039481249897006413,0.6006081034577718,0.0,0.0,0.0002971620096151501,9.765048935491403e-05,0.14410286772961461
0.00039316683276124464,0.5981046354490791,0.0,0.0,0.0002955236775227987,9.764315523844589e-05,0.1439450460339133
0.00039149415768787105,0.5955600802332722,0.0,0.0,0.0002938583381603695,9.76358195275016e-05,0.14378939956041809
0.0003897956096496172,0.592976165796549,0.0,0.0,0.00029216712739727147,9.762848225234574e-05,0.14363589832851306
0.00038807230770149324,0.5903545945001795,0.0,0.0,0.00029045116425866955,9.762114344282367e-05,0.14348451277079852
0.00038632535367007237,0.5876970424966925,0.0,0.0,0.0002887115505417026,9.76138031283698e-05,0.14333521372739597
0.000384555831813029,0.5850051592119476,0.0,0.0,0.0002869493704750177,9.760646133801134e-05,0.14318797244033113
0.00038276480851967033,0.5822805668895693,0.0,0.0,0.0002851656904192958,9.759911810037458e-05,0.1430427605479947
0.0003809533320502377,0.5795248601943593,0.0,0.0,0.00028336155860654675,9.759177344369094e-05,0.14289955007967917
0.0003791224323118495,0.5767396058714509,0.0,0.0,0.0002815380049160477,9.758442739580175e-05,0.14275831345019138
0.00037727312066905636,0.5739263424581146,0.0,0.0,0.00027969604068489373,9.757707998416265e-05,0.1426190234545387
0.0003754063897870696,0.5710865800452709,0.0,0.0,0.00027783665855121763,9.756973123585197e-05,0.14248165326268916
0.0003735232135057976,0.5682218000858673,0.0,0.0,0.0002759608323282248,9.756238117757277e-05,0.14234617641440336
0.0003716245467429276,0.5653334552474429,0.0,0.0,0.00027406951690726883,9.755502983565876e-05,0.1422125668141375
0.0003697113254243572,0.5624229693062958,0.0,0.0,0.00027216364818827564,9.754767723608158e-05,0.14208079872601698
0.00036778446644035174,0.5594917370807885,0.0,0.0,0.000270244143035899,9.754032340445273e-05,0.1419508467688793
0.0003658448676258934,0.5565411244014541,0.0,0.0,0.0002683118992598633,9.753296836603002e-05,0.14182268591138508
0.000363893407763743,0.5535724681156536,0.0,0.0,0.00026636779561802073,9.752561214572232e-05,0.14169629146719623
0.0003619309466088124,0.5505870761246523,0.0,0.0,0.0002644126918407168,9.751825476809559e-05,0.14157163909022133
0.0003599583249324979,0.5475862274510626,0.0,0.0,0.00026244742867512346,9.751089625737443e-05,0.14144870476992571
0.00035797636458571034,0.5445711723347278,0.0,0.0,0.00026047282794826017,9.750353663745015e-05,0.1413274648267068
0.0003559858685793671,0.5415431323551712,0.0,0.0,0.000258489692647484,9.749617593188309e-05,0.1412078959073327
0.0003539876211811956,0.538503300578857,0.0,0.0,0.00025649880701728657,9.748881416390906e-05,0.1410899749804443
0.00035198238802773156,0.5354528417295691,0.0,0.0,0.0002545009366712898,9.748145135644175e-05,0.14097367933211846
0.00034997091625046494,0.5323928923803097,0.0,0.0,0.0002524968287183863,9.747408753207867e-05,0.14085898656149326
0.0003479539346151244,0.5293245611651856,0.0,0.0,0.00025048721190201924,9.746672271310519e-05,0.14074587457645285
0.00034593215367314443,0.5262489290098273,0.0,0.0,0.0002484727967516459,9.745935692149854e-05,0.14063432158937236
0.0003439062659244076,0.5231670493789612,0.0,0.0,0.000246454275745475,9.745199017893258e-05,0.14052430611292108
0.0003418769459903921,0.5200799485398094,0.0,0.0,0.00024443232348361147,9.74446225067806e-05,0.14041580695592334
0.00033984485079690874,0.5169886258400783,0.0,0.0,0.00024240759687078697,9.743725392612177e-05,0.14030880321927713
0.0003378106197656361,0.5138940539993316,0.0,0.0,0.00024038073530789262,9.742988445774343e-05,0.1402032742919278
0.0003357748750137165,0.5107971794126249,0.0,0.0,0.00023835236089157126,9.74225141221452e-05,0.14009919984689878
0.0003337382215607077,0.5076989224653314,0.0,0.0,0.00023632307862116362,9.74151429395441e-05,0.1399965598373757
0.00033170124754221405,0.5046001778581275,0.0,0.0,0.00023429347661233705,9.740777092987698e-05,0.13989533449284497
0.0003296645244295677,0.5015018149411826,0.0,0.0,0.00023226412631676243,9.740039811280532e-05,0.1397955043152858
0.000327628607254955,0.4984046780566334,0.0,0.0,0.0002302355827472354,9.73930245077196e-05,0.13969705007541441
0.0003255940348414108,0.4953095868884611,0.0,0.0,0.00022820838470767027,9.738565013374053e-05,0.13959995280898008
0.0003235613300371519,0.49221733681897173,0.0,0.0,0.00022618305502742527,9.737827500972664e-05,0.13950419381311213
0.00032153099995371997,0.4891286992910708,0.0,0.0,0.00022416010079944615,9.737089915427383e-05,0.13940975464271765
0.000319503536207465,0.4860444221756193,0.0,0.0,0.00022214001362174277,9.736352258572225e-05,0.1393166171069283
0.0003174794151638972,0.48296523014315434,0.0,0.0,0.00022012326984173977,9.735614532215742e-05,0.13922476326559663
0.0003154590981844828,0.4798918250393265,0.0,0.0,0.00021811033080306735,9.734876738141547e-05,0.1391341754258402
0.000313443031875468,0.47682488626342334,0.0,0.0,0.00021610164309438244,9.734138878108553e-05,0.139044836138634
0.0003114316483383474,0.4737650711493943,0.0,0.0,0.00021409763879983327,9.733400953851414e-05,0.1389567281954489
0.00030942536542160953,0.4707130153488179,0.0,0.0,0.00021209873575080235,9.73266296708072e-05,0.13886983462493735
0.0003074245869734196,0.46766933321529547,0.0,0.0,0.0002101053377785848,9.731924919483483e-05,0.1387841386896641
0.0003054297030949096,0.4646346181897683,0.0,0.0,0.00020811783496767713,9.731186812723251e-05,0.1386996238828824
0.00030344109039378024,0.4616094431863094,0.0,0.0,0.0002061366039093727,9.730448648440753e-05,0.13861627392535442
0.00030145911223791543,0.45859436097793455,0.0,0.0,0.0002041620079553769,9.729710428253852e-05,0.1385340727622155
0.00029948411900875503,0.4555899045820444,0.0,0.0,0.00020219439747117348,9.728972153758155e-05,0.13845300455988166
0.00029751644835416066,0.4525965876450974,0.0,0.0,0.00020023411008888986,9.728233826527081e-05,0.13837305370299985
0.00029555642544054904,0.44961490482616695,0.0,0.0,0.00019828147095942475,9.727495448112431e-05,0.13829420479144003
0.0002936043632040616,0.4466453321790326,0.0,0.0,0.00019633679300361704,9.726757020044459e-05,0.13821644263732874
0.00029166056260057134,0.44368832753250326,0.0,0.0,0.00019440037716224936,9.726018543832198e-05,0.13813975226212383
0.0002897253128543323,0.4407443308686744,0.0,0.0,0.00019247251264469333,9.725280020963897e-05,0.13806411889372905
0.00028779889170508783,0.4378137646988421,0.0,0.0,0.00019055347717601635,9.724541452907145e-05,0.13798952796364872
0.00028588156565347576,0.43489703443682415,0.0,0.0,0.00018864353724238312,9.723802841109262e-05,0.1379159651041816
0.000283973590204572,0.4319945287694517,0.0,0.0,0.00018674294833459615,9.723064186997585e-05,0.13784341614565346
0.0002820752101094275,0.42910662002400646,0.0,0.0,0.00018485195518963156,9.722325491979591e-05,0.13777186711368747
0.00028018665960447036,0.42623366453241124,0.0,0.0,0.0001829707920300363,9.721586757443407e-05,0.13770130422651278
0.00027830816264864244,0.4233760029919731,0.0,0.0,0.00018109968280106465,9.72084798475778e-05,0.1376317138923095
0.0002764399331581675,0.4205339608225252,0.0,0.0,0.00017923884140544,9.72010917527275e-05,0.13756308270659084
0.00027458217523883293,0.4177078485197842,0.0,0.0,0.00017738847193563882,9.719370330319411e-05,0.13749539744962133
0.00027273508341570725,0.41489796200480844,0.0,0.0,0.0001755487689036009,9.718631451210636e-05,0.13742864508387026
0.0002708988428601898,0.41210458296939645,0.0,0.0,0.00017371991746777956,9.717892539241024e-05,0.1373628127515002
0.0002690736296143263,0.4093279792173274,0.0,0.0,0.00017190209365745317,9.717153595687317e-05,0.13729788777189056
0.00026725961081231186,0.40656840500132146,0.0,0.0,0.00017009546459422677,9.716414621808509e-05,0.137233857639195
0.00026545804139949775,0.4038277694056894,1.096473279820822e-09,1.096473279820822e-09,0.00016830018871065954,9.715675621555837e-05,0.13717458819853914
0.00046693467128587515,0.7103238830869734,0.00020326887837405984,0.00020326887837405984,0.00016651641596596105,9.714937694585428e-05,0.13868447394621922
0.00034284586666208193,0.5215539181039512,8.09595393728769e-05,8.09595393728769e-05,0.00016474431201822564,9.714201527097939e-05,0.1396148046888376
0.0009153081403321855,1.3924115565704447,0.0006551797157775662,0.0006551797157775662,0.0001629937458020651,9.713467875255421e-05,0.14220448173047964
0.00025848312021568235,0.3932171778086477,7.570794559405585e-08,7.570794559405585e-08,0.0001612800521315637,9.712736013852461e-05,0.14210490692203878
0.000256990617706728,0.3909467099190863,2.4626273708515763e-07,2.4626273708515763e-07,0.000159624314054321,9.712004091532189e-05,0.14203243356684142
0.0002556199455193638,0.38886157627954177,4.6731829890605235e-07,4.6731829890605235e-07,0.0001580399057899337,9.711272143052403e-05,0.14198272610876736
0.00025372718794012937,0.3859822207805773,9.880872584220571e-08,9.880872584220571e-08,0.0001565229776669503,9.710540154733684e-05,0.14189077643810788
0.0002522387231517594,0.38371789526925576,7.04881128311033e-08,7.04881128311033e-08,0.0001550701540977603,9.709808094116798e-05,0.14179440765578835
0.00025083931861841473,0.3815890525782697,7.047871198595648e-08,7.047871198595648e-08,0.00015367808031579823,9.709075959063055e-05,0.14169936711283257
0.0002494971650470679,0.3795473028536826,7.046944316713719e-08,7.046944316713719e-08,0.0001523432580897218,9.7083437514179e-05,0.14160563650227434
0.00024817809639006736,0.3775406710310366,3.965627481940465e-08,3.965627481940465e-08,0.0001510623254392268,9.707611467602115e-05,0.14150546982570858
0.00024693651395711255,0.3756519150461355,3.563608760381534e-08,3.563608760381534e-08,0.00014983208683682573,9.706879103268297e-05,0.1414054769646081
0.0002457242165485587,0.37380770887414827,1.3291734517829594e-08,1.3291734517829594e-08,0.00014864945827884523,9.706146653519565e-05,0.14129829190559332
0.00024457000712899097,0.3720518689949953,4.409350450074076e-09,4.409350450074076e-09,0.00014751145667445573,9.705414110408515e-05,0.1411868792263836
0.00024346200637100697,0.37036632399422015,0.0,0.0,0.00014641519170441653,9.704681466659046e-05,0.14106924796785095
0.00024239732315071776,0.36874667575261344,0.0,0.0,0.00014535783595983349,9.703948719088426e-05,0.14095323799544474
0.0002413687883978579,0.3671820183294896,0.0,0.0,0.00014433662969835377,9.703215869950412e-05,0.14083882696332986
0.00024037374473569377,0.3656683091932563,0.0,0.0,0.00014334891552101911,9.702482921467465e-05,0.14072599283365908
0.00023940968154448746,0.3642017290662483,0.0,0.0,0.00014239218278617273,9.701749875831473e-05,0.1406147138723279
0.00023847422827416015,0.3627786717516235,0.0,0.0,0.00014146406092212108,9.701016735203907e-05,0.14050496864478845
0.00023756841297189495,0.36140070116509004,3.2648953626155056e-09,3.2648953626155056e-09,0.00014056231301272465,9.700283506380768e-05,0.140403412340096
0.00023674527231413024,0.36014849929552223,6.494054698366478e-08,6.494054698366478e-08,0.00013968482964550876,9.699550212163781e-05,0.14032633216419296
0.00023619410858365317,0.3593100420437379,3.76275329851052e-07,3.76275329851052e-07,0.000138829664258849,9.698816899495312e-05,0.14029207436650415
0.00023606693593271723,0.3591165807807597,1.090932782021577e-06,1.090932782021577e-06,0.00013799516681630648,9.698083633438919e-05,0.14030832308801774
0.0004384493799373289,0.6669906632473712,0.00020429568404849966,0.00020429568404849966,0.00013718018126384796,9.697351462498123e-05,0.14177513045421636
0.00037943621729795115,0.5772169509552253,0.00014608582744205455,0.00014608582744205455,0.0001363841776633325,9.696621219256406e-05,0.14299005158161662
0.0005460707634764772,0.8307095810313049,0.00031349591980342397,0.00031349591980342397,0.00013561591248715914,9.695893118589409e-05,0.1447635006742459
0.0003641833371899034,0.5540135229536768,0.00013234070301198814,0.00013234070301198814,0.00013489096332966065,9.695167084825459e-05,0.1458729830671006
0.00024081600273450737,0.3663410937140083,9.64573283007697e-06,9.64573283007697e-06,0.0001342258498743137,9.69444200301167e-05,0.14604762948375347
0.0002405573931262602,0.3659476841164133,9.984826747329876e-06,9.984826747329876e-06,0.00013363539412288093,9.693717225604939e-05,0.14622595877350894
0.0002514712684787072,0.3825504056460191,2.141772318902432e-05,2.141772318902432e-05,0.00013312361660108098,9.692992868860192e-05,0.14656707138714126
0.00023665185950005752,0.36000639514926236,7.040666947376057e-06,7.040666947376057e-06,0.00013268850368317777,9.69226888695037e-05,0.14668061540237032
0.0002344174670105845,0.3566073278983939,5.172896029143146e-06,5.172896029143146e-06,0.0001323291200781916,9.691545090324976e-05,0.14674938263861073
0.000267478251618881,0.4069010121009308,3.852592139153368e-05,3.852592139153368e-05,0.00013204411267291066,9.690821755443664e-05,0.1472584776847389
0.00029156276081882963,0.4435395466737414,6.283130227989681e-05,6.283130227989681e-05,0.00013183046539027698,9.690099314865583e-05,0.14794854612586986
0.0002764226045128609,0.42050759963887413,4.784110520965996e-05,4.784110520965996e-05,0.00013168772119878116,9.689377810441977e-05,0.14851850725966664
0.00023566849300163547,0.35851044988622766,7.1627127945941924e-06,7.1627127945941924e-06,0.0001316192119824055,9.688656822463577e-05,0.14860733534647244
0.0003042889140779733,0.4628991940841613,7.578117255048348e-05,7.578117255048348e-05,0.0001316283767114397,9.687936481605015e-05,0.14936217129913562
0.0002858933699292638,0.4349149916790904,5.730652816755605e-05,5.730652816755605e-05,0.00013171467018780194,9.687217157390582e-05,0.149983154572956
0.00030363951615844923,0.46191129817445165,7.489586177320451e-05,7.489586177320451e-05,0.00013187866606122423,9.686498832402051e-05,0.15071255990695615
0.00033968985120461575,0.5167528328715004,0.00011070793145869754,0.00011070793145869754,0.000132124102606822,9.685781713909623e-05,0.1516308790079808
0.00031058144698313886,0.4724717032219829,8.127651824581402e-05,8.127651824581402e-05,0.0001324542706211399,9.685065811618494e-05,0.1523752114679175
0.0002772832851581609,0.4218169091754388,4.756575281110269e-05,4.756575281110269e-05,0.0001328740239795252,9.684350836753301e-05,0.15287949116585692
0.0002449633406944948,0.37265022727245567,1.4739041047753516e-05,1.4739041047753516e-05,0.0001333879358370728,9.683636380966849e-05,0.1530382709409268
0.00023307235174211565,0.35456107269514003,2.2454601670104566e-06,2.2454601670104566e-06,0.000133997671402256,9.682922017284921e-05,0.15292978716669126
0.00031628500306546013,0.48114823198058165,8.47618209091417e-05,8.47618209091417e-05,0.00013470110058880886,9.682208156750956e-05,0.15367574333819825
0.0003343503249760325,0.5086300841493138,0.00010204301128427626,0.00010204301128427626,0.00013549235916744272,9.681495452431354e-05,0.15450618709575845
0.00027268299631528174,0.4148187245574561,3.950567390041389e-05,3.950567390041389e-05,0.00013636948574414126,9.680783667072661e-05,0.1549130501947556
0.00023583762868283433,0.3587677473653522,1.7005739193987545e-06,1.7005739193987545e-06,0.00013733633363997158,9.6800721123464e-05,0.15475627164874356
0.00023524480101027868,0.35786590888501085,5.684755770148946e-08,5.684755770148946e-08,0.00013839435032967173,9.679360312290544e-05,0.15447917723542234
0.0002363650456383562,0.3595700798604323,3.9834993844115144e-08,3.9834993844115144e-08,0.0001395387288164137,9.67864818280984e-05,0.15420142061213518
0.00025045348186496626,0.38100209881835195,1.2913462685298796e-05,1.2913462685298796e-05,0.00014076065921804723,9.677935996162023e-05,0.15431402992087556
0.0002388328266332456,0.3633241891324441,9.550604939195052e-09,9.550604939195052e-09,0.0001420510385838542,9.677223744445218e-05,0.15402677705451026
0.00024017022011044273,0.36535869756875644,1.4606689096540424e-09,1.4606689096540424e-09,0.00014340364796546867,9.676511147606441e-05,0.1537366002083524
0.00024157281357594116,0.367492391419465,2.3214853790479558e-09,2.3214853790479558e-09,0.00014481251001813238,9.675798207242976e-05,0.15345157697135386
0.00024302355641335987,0.3696993324521324,3.2339700364245456e-09,3.2339700364245456e-09,0.0001462694731391669,9.675084930415654e-05,0.15317148884627932
0.00024451294223735455,0.3719650590879402,2.390957246461482e-09,2.390957246461482e-09,0.00014776683805372667,9.674371322638144e-05,0.15289433950412878
0.0002460384225847695,0.3742856944799633,4.4623514761409696e-09,4.4623514761409696e-09,0.00014929738633229038,9.673657390100296e-05,0.15262308450347783
0.00024758649510469926,0.3766406981909289,2.718928825438732e-09,2.718928825438732e-09,0.00015085434479231955,9.672943138355427e-05,0.15235387188608238
0.00024915696995133523,0.3790297814180982,3.3129687408769163e-09,3.3129687408769163e-09,0.00015243137126376844,9.672228571882595e-05,0.15208899826968503
0.00025074097789826155,0.3814394518600099,3.3117345473798333e-09,3.3117345473798333e-09,0.00015402252920095053,9.671513696276364e-05,0.1518277753501268
0.00025233024467478216,0.38385712229097274,0.0,0.0,0.0001556222595552026,9.670798511957956e-05,0.1515634829279422
0.0002539262035315692,0.3862849730420813,0.0,0.0,0.00015722537333791897,9.670083019365023e-05,0.1513028331908972
0.00025552066090562604,0.3887105396641479,0.0,0.0,0.00015882698866995896,9.669367223566709e-05,0.15104577593265253
0.000257109028465155,0.3911268421621974,0.0,0.0,0.00016042251716953364,9.668651129562135e-05,0.15079226163885193
0.00025868703912319027,0.3935273892346208,0.0,0.0,0.0001620076917003747,9.667934742281559e-05,0.1505422414775848
0.0002602507312777886,0.3959061542985818,0.0,0.0,0.00016357855061191733,9.667218066587129e-05,0.1502956672899802
0.0002617964337171618,0.39825755252696554,0.0,0.0,0.0001651314226444225,9.666501107273931e-05,0.15005249158093037
0.0002633207511639165,0.40057641885756856,0.0,0.0,0.00016666291247320906,9.665783869070741e-05,0.14981266750994238
0.00026482055043353277,0.4028579869366984,0.0,0.0,0.0001681698868671201,9.665066356641269e-05,0.14957614888211576
0.00026629294718311244,0.40509786896072086,0.0,0.0,0.00016964946143726488,9.664348574584757e-05,0.14934289013924426
0.00026774275806633416,0.4073033922590353,7.464768926464759e-09,7.464768926464759e-09,0.00017109898795296635,9.663630534444132e-05,0.14912287823883233
0.0002692503060847101,0.4095967481141572,1.051412136330313e-07,1.051412136330313e-07,0.0001725160422026973,9.66291226683798e-05,0.14893348402389867
0.0002705204120421654,0.4115288954810406,0.0,0.0,0.00017389847435595807,9.662193768620736e-05,0.14870908299139748
0.0002718698328082157,0.41358170041801257,1.0519137115478977e-08,1.0519137115478977e-08,0.0001752445634115335,9.661475025956672e-05,0.14849968800268637
0.0002733596686131894,0.41584811158691676,1.9941303270786458e-07,1.9941303270786458e-07,0.00017655269478871393,9.660756079176762e-05,0.1483330670592586
0.00027442842503719794,0.41747395618544547,6.7948008958689145e-09,6.7948008958689145e-09,0.0001778212609348173,9.660036930148474e-05,0.14812651950197187
0.0002756423169110152,0.4193205879360565,0.0,0.0,0.00017904914144671244,9.65931754643028e-05,0.14791324068647524
0.00027682131436592886,0.42111413658820007,0.0,0.0,0.00018023533511176505,9.658597925416381e-05,0.14770290144664022
0.00028081146348901123,0.42718414679198013,2.854031109699747e-06,2.854031109699747e-06,0.00018137865030502575,9.657878207428574e-05,0.14769050411279416
0.00029577381307006,0.4499456055314799,1.67242446798883e-05,1.67242446798883e-05,0.00018247798118624023,9.657158720393144e-05,0.1479505686376965
0.00029170519309351835,0.44375622162348366,1.1607229294818334e-05,1.1607229294818334e-05,0.00018353356782406144,9.65643959746386e-05,0.14813010947112426
0.0002830366727212411,0.43056924402231794,1.930890588069576e-06,1.930890588069576e-06,0.00018454857592931366,9.655720620385785e-05,0.1480773661660701
0.0002829262865201185,0.4304013191286606,8.49072034067301e-07,8.49072034067301e-07,0.00018552719858069076,9.655001590536045e-05,0.14797146933818814
0.0002834125859996902,0.4311411017062132,3.982779357203424e-07,3.982779357203424e-07,0.0001864714835782812,9.654282448568869e-05,0.14783350453032504
0.0002839172630824506,0.4319088411935041,0.0,0.0,0.00018738163185827312,9.653563122417746e-05,0.1476242642766384
0.0002857594541882519,0.43471127249734687,9.736795079303708e-07,9.736795079303708e-07,0.0001882573382365619,9.652843644375961e-05,0.1475321788329281
0.0002856899922556964,0.43460560360468636,7.104284067606126e-08,7.104284067606126e-08,0.000189097709028998,9.652124038602232e-05,0.1473580552739188
0.0002864872887564005,0.43581849007720336,7.102558828161548e-08,7.102558828161548e-08,0.00018990222067059777,9.651404249752109e-05,0.1471863316392955
0.0002919213523585357,0.44408505368058815,4.743881625067579e-06,4.743881625067579e-06,0.00019067062638481277,9.650684434865533e-05,0.14723703781606098
0.0002879196562652246,0.43799747766035635,1.7773595333903032e-08,1.7773595333903032e-08,0.00019140223683405562,9.64996458358351e-05,0.1470515179529451
0.00029770775249406665,0.45288760886897533,9.117479372513257e-06,9.117479372513257e-06,0.00019209782547289738,9.649244764865599e-05,0.14719984986190965
0.0003186254539201546,0.48470864040924383,2.938213913101541e-05,2.938213913101541e-05,0.0001927580608142403,9.648525397489891e-05,0.14761548448327486
0.0004618250470207094,0.7025508724875402,0.00017196276099053936,0.00017196276099053936,0.00019338421362950482,9.647807240066521e-05,0.1488512762794187
0.0006017308476556585,0.91538242620304,0.0003112787213566967,0.0003112787213566967,0.0001939812145839535,9.647091171500838e-05,0.15052928770616075
0.0011113829842555021,1.6906902089732174,0.000820358762330073,0.000820358762330073,0.0001945604398305626,9.646378209486652e-05,0.15322452160220365
0.0014635166003883937,2.2263731063004855,0.0011719195221181408,0.0011719195221181408,0.00019514038453735422,9.645669373289874e-05,0.15636704438355004
0.000494274687039104,0.7519148536182723,0.00020207759685268636,0.00020207759685268636,0.0001957474538866709,9.644963629974686e-05,0.15758593784300787
0.0009780133232160314,1.4878017508198293,0.0006851552322806932,0.0006851552322806932,0.00019641548655925518,9.64426043760831e-05,0.1599439299970611
0.0010340503399888742,1.5730480043076662,0.0007404476009962189,0.0007404476009962189,0.0001971671327178935,9.643560627476186e-05,0.16235869891973426
0.001340706585262742,2.039548498511585,0.0010462591026929478,0.0010462591026929478,0.00019801883728360156,9.64286452861927e-05,0.1651885041956088
0.0013365421387346395,2.0332133385616853,0.0010411270762853246,0.0010411270762853246,0.00019899333852928879,9.64217239200261e-05,0.16796501183554727
0.0015593780958047837,2.372202306507821,0.0012628484187691314,0.0012628484187691314,0.00020011483361866175,9.641484341699078e-05,0.17097271505905967
0.0005005819800857741,0.7615098166060071,0.0002027658084763095,0.0002027658084763095,0.00020140818022997163,9.640799137949298e-05,0.17197569918433245
0.00035404412582450715,0.5385892582087305,5.4745264142465853e-05,5.4745264142465853e-05,0.00020289771288343065,9.640114879861068e-05,0.17225264827143272
0.00040705660331754516,0.6192344344626504,0.00010606710277400529,0.00010606710277400529,0.0002045951878032786,9.639431274026129e-05,0.17283224922592394
0.000361121374830195,0.5493555158983758,5.823922513701447e-05,5.823922513701447e-05,0.0002064946664116622,9.638748328151836e-05,0.17312172883678817
0.00035355209176625153,0.5378407519093188,4.8583649319070455e-05,4.8583649319070455e-05,0.000208587784565996,9.638065788118503e-05,0.17333619823556323
0.0004627070219486265,0.7038925759293903,0.00015546661507431585,0.00015546661507431585,0.00021086656685216133,9.63738400221493e-05,0.17412407509047217
0.0010807278981520166,1.6440561911192255,0.0007710397596595582,0.0007710397596595582,0.00021332109467934866,9.636704381310976e-05,0.17636147518167297
0.0006017174878625562,0.9153621026316772,0.00028941225704381176,0.00028941225704381176,0.00021594495875356832,9.636027206517617e-05,0.1775589025791359
0.00034876148768429443,0.5305530504318146,3.366352096408575e-05,3.366352096408575e-05,0.00021874445736110205,9.635350935910663e-05,0.1775839275073275
0.00032997602932042955,0.5019756914324447,1.1901436683691574e-05,1.1901436683691574e-05,0.00022172784689046315,9.634674574627482e-05,0.17735148101655066
0.00032563703010806306,0.4953749933931412,4.407959549129742e-06,4.407959549129742e-06,0.00022488909214701098,9.633997841192232e-05,0.17697225439505415
0.0003246387856896269,0.4938564151097579,9.202617312379312e-08,9.202617312379312e-08,0.0002282135545571184,9.633320495938467e-05,0.17639590265495897
0.00033569328220396666,0.5106730564356486,7.682032452722108e-06,7.682032452722108e-06,0.00023168482373894233,9.632642601230219e-05,0.17610497700527328
0.0003316936143305449,0.5045885658428142,8.87660754017873e-08,8.87660754017873e-08,0.00023528520661396583,9.63196416411773e-05,0.17553998437773188
0.00033545354745185884,0.510308360193326,1.4220661783365476e-07,1.4220661783365476e-07,0.0002389984907752959,9.631285005872927e-05,0.17499179149298474
0.00034071978600653505,0.5183196201177999,1.6043515665893648e-06,1.6043515665893648e-06,0.0002428093823012637,9.6306052138682e-05,0.17455189541517202
0.00034562776303426624,0.5257858750669966,2.6266922839257806e-06,2.6266922839257806e-06,0.00024670182179473057,9.62992489556099e-05,0.17415799766608966
0.0003496357447300173,0.5318830130534032,2.6819059068174805e-06,2.6819059068174805e-06,0.0002506613979418906,9.62924408813092e-05,0.17377148828219813
0.0003734337055919457,0.5680856362650074,2.2472634350021456e-05,2.2472634350021456e-05,0.0002546754408311226,9.628563041080165e-05,0.1737348296887686
0.0003610732291039159,0.5492822742623448,6.062102063873233e-06,6.062102063873233e-06,0.00025873230882039543,9.627881821964727e-05,0.17344665861064448
0.0003805728187764708,0.5789460047723709,2.1477597940625396e-05,2.1477597940625396e-05,0.0002628232165687227,9.627200426712265e-05,0.17340297279926564
0.00038887263269462343,0.59157208806365,2.5666977349389822e-05,2.5666977349389822e-05,0.0002669404647580572,9.62651905871764e-05,0.17340716843608636
0.00038226243712475894,0.5815163349275208,1.49273113000635e-05,1.49273113000635e-05,0.00027107674923478427,9.625837658991116e-05,0.17327924014563437
0.0003798906293878531,0.5779082248744054,8.412089177188542e-06,8.412089177188542e-06,0.0002752269795868701,9.625156062379446e-05,0.17304632523049956
0.00039986494033055533,0.6082941246229384,2.4234364929408237e-05,2.4234364929408237e-05,0.0002793858318601625,9.62447435409846e-05,0.17303990635649186
0.0003923264330210559,0.596826178218323,1.2541679245476353e-05,1.2541679245476353e-05,0.00028354682792082253,9.623792585475703e-05,0.17288153369777445
0.00039066619080037996,0.5943005364667524,6.730460730126127e-06,6.730460730126127e-06,0.00028770462428125495,9.623110578899889e-05,0.17262006604017885
0.00039269073884114566,0.5973803780682607,4.611806412977912e-06,4.611806412977912e-06,0.00029185465012446005,9.622428230370769e-05,0.17231225796877228
0.00039639242234285976,0.6030115602455351,4.183926870153623e-06,4.183926870153623e-06,0.0002959910404455749,9.621745502713121e-05,0.17199729728788496
0.00039967641485206065,0.6080073304348427,3.358422188103397e-06,3.358422188103397e-06,0.0003001073688904424,9.621062377351483e-05,0.17166280882750992
0.00042370096139495605,0.6445546468779715,2.3299892819481603e-05,2.3299892819481603e-05,0.00030419727781320525,9.620379076226921e-05,0.1716655215503644
0.0004172860171456112,0.6347959196101236,1.2834415309859236e-05,1.2834415309859236e-05,0.00030825464445642545,9.619695737932652e-05,0.17153104853599474
0.00041524280650222413,0.6316876875437863,6.7769842127199e-06,6.7769842127199e-06,0.00031227570036616853,9.619012192333568e-05,0.17128948470370128
0.00042019218602070427,0.6392169259889768,7.75074374735217e-06,7.75074374735217e-06,0.00031625815845861936,9.618328381473273e-05,0.17107149261700605
0.0004166489310144276,0.6338267529956226,2.7409319194094436e-07,2.7409319194094436e-07,0.0003201983963632121,9.61764414592745e-05,0.17060171028001891
0.0004202661482938973,0.6393294410201519,4.02461269455453e-09,4.02461269455453e-09,0.0003240925308952747,9.616959278592807e-05,0.1700859169659252
0.00042431985095258665,0.6454961319738791,2.2157386505238484e-07,2.2157386505238484e-07,0.0003279355392376658,9.616273784986848e-05,0.16962374155746196
0.000427876785566025,0.6509071150554012,0.0,0.0,0.00033172090887267425,9.615587669335074e-05,0.16911417119233668
0.00043159162140693605,0.6565583052150009,0.0,0.0,0.00033544261237039217,9.614900903654391e-05,0.16861162412504668
0.0004352406889284704,0.662109445387147,3.4811836872368783e-09,3.4811836872368783e-09,0.0003390950727203876,9.614213502439561e-05,0.16812276191878442
0.0004388081115345546,0.6675363833165743,0.0,0.0,0.00034267285678211837,9.613525475243624e-05,0.16763387923051132
0.00044229941572354175,0.6728475261831549,0.0,0.0,0.0003461710474554167,9.612836826812505e-05,0.16715173470630995
0.000445706649564253,0.678030777119853,0.0,0.0,0.00034958517389901,9.6121475665243e-05,0.1666762354755261
0.0004490257236950914,0.6830799151895922,0.0,0.0,0.0003529111466588125,9.611457703627893e-05,0.16620728994752174
0.0004522529522673136,0.6879893332988049,0.0,0.0,0.0003561452797948686,9.610767247244505e-05,0.16574480779403264
0.0004553850312777813,0.6927540052361526,0.0,0.0,0.0003592842692140851,9.610076206369622e-05,0.16528869993176973
0.00045841901785425177,0.6973694541602974,0.0,0.0,0.0003623251719555063,9.609384589874548e-05,0.16483887850525916
0.0004613523104553475,0.701831722479124,0.0,0.0,0.0003652653863902643,9.608692406508323e-05,0.16439525686992032
0.00046418262994874713,0.7061373430649586,0.0,0.0,0.00036810263329975507,9.607999664899207e-05,0.16395774957537607
0.00046690800153252024,0.7102833117524183,0.0,0.0,0.00037083493779695555,9.607306373556472e-05,0.16352627234899314
0.00046952673746583726,0.7142670610675219,0.0,0.0,0.0003734606120571164,9.606612540872085e-05,0.16310074207964986
0.000472037420576556,0.7180864351386214,0.0,0.0,0.0003759782388253345,9.605918175122148e-05,0.16268107680172691
0.00047443888851441936,0.721739665741597,0.0,0.0,0.0003783866556697329,9.605223284468649e-05,0.16226719567931958
0.00047673021871976623,0.725225349433524,0.0,0.0,0.00038068493995015634,9.60452787696099e-05,0.16185901899066668
0.000478910714078803,0.7285424257307687,0.0,0.0,0.00038287239447342797,9.603831960537503e-05,0.16145646811279485
0.0004809798892375784,0.7316901562891375,0.0,0.0,0.00038494853380730796,9.603135543027044e-05,0.1610594655063741
0.00048293745754785617,0.7346681050452992,0.0,0.0,0.0003869130712263514,9.602438632150476e-05,0.1606679347007823
0.0004847835012593196,0.7374763971214987,1.8262934398939715e-10,1.8262934398939715e-10,0.00038876590626388204,9.60174123660936e-05,0.1602833573921481
0.0004865175464842061,0.7401143116164702,0.0,0.0,0.000390507112845277,9.601043363892904e-05,0.15990252351638518
0.0004881403878016982,0.7425830572829689,0.0,0.0,0.00039213693759860077,9.600345020309744e-05,0.15952693859134295
0.000489652423180818,0.7448832395309556,1.8233305538365773e-10,1.8233305538365773e-10,0.0003936557787052514,9.599646214251125e-05,0.15915808738493903
0.0004910538179240053,0.747015109826595,1.82237479321182e-10,1.82237479321182e-10,0.00039506416614665284,9.598946953987312e-05,0.15879431997481758
0.0004923454264777887,0.7489799679957799,1.8214331864885533e-10,1.8214331864885533e-10,0.0003963627718685476,9.598247246592248e-05,0.15843556629211547
0.0004935280527639657,0.7507790370037092,1.8205055102576018e-10,1.8205055102576018e-10,0.00039755239972299203,9.597547099042272e-05,0.1580817572337136
0.0004946026135119881,0.7524137114241074,1.8195915450294357e-10,1.8195915450294357e-10,0.00039863396637065875,9.596846518217479e-05,0.1577328246489262
0.0004955701299092019,0.7538855447371628,1.818691075147349e-10,1.818691075147349e-10,0.0003996084929310643,9.596145510903002e-05,0.1573887013263736
0.0004964315378711106,0.7551959607033621,0.0,0.0,0.00040047709704407893,9.59544408270316e-05,0.1570477638674201
0.0004971884077168935,0.7563473481691235,0.0,0.0,0.00040124098532539227,9.594742239150125e-05,0.1567115254755265
0.0004978418364472001,0.7573413759455442,0.0,0.0,0.0004019014365793806,9.594039986781947e-05,0.15637992138447052
0.0004983931690683379,0.7581800901220703,0.0,0.0,0.0004024597957478731,9.593337332046472e-05,0.15605288772068873
0.0004988438205088498,0.7588656431572769,0.0,0.0,0.0004029174776958233,9.592634281302649e-05,0.15573036149097325
0.0004991952694208177,0.7594002844491053,0.0,0.0,0.00040327596101260145,9.591930840821626e-05,0.15541228057033774
0.0004994490523010861,0.7597863513917823,0.0,0.0,0.00040353678213320604,9.59122701678801e-05,0.15509858369005128
0.0004996067579186405,0.7600262608984749,0.0,0.0,0.00040370152976562884,9.590522815301167e-05,0.15478921042583638
0.0004996700220349067,0.760122501369551,0.0,0.0,0.0004037718396111451,9.589818242376164e-05,0.15448410118623038
0.0004996405224042757,0.7600776250871328,0.0,0.0,0.0004037493893648232,9.589113303945255e-05,0.15418319720110685
0.0004995199740426348,0.7598942410173555,0.0,0.0,0.00040363589398404793,9.588408005858681e-05,0.15388644051035516
0.0004993101247521935,0.7595750080025125,0.0,0.0,0.00040343310121333277,9.587702353886067e-05,0.1535937739527164
0.0004990127508913356,0.7591226283259479,0.0,0.0,0.0004031427873541626,9.586996353717301e-05,0.1533051411547729
0.000498629653378693,0.7585398416332572,0.0,0.0,0.0004027667532690536,9.586290010963933e-05,0.15302048652008957
0.000498162653921047,0.7578294191939873,0.0,0.0,0.000402306820609448,9.585583331159899e-05,0.15273975521850489
0.0004976135914551037,0.7569941584886897,0.0,0.0,0.00040176482825747463,9.584876319762911e-05,0.15246289317556955
0.0004969843187935593,0.7560368781067515,0.0,0.0,0.00040114262897200626,9.584168982155305e-05,0.15218984706213073
0.0004962766994662777,0.7549604129410402,0.0,0.0,0.00040044208622982616,9.583461323645155e-05,0.1519205642840597
0.0004954926047477606,0.7537676096659456,0.0,0.0,0.00039966507125308747,9.582753349467312e-05,0.15165499297212132
0.0004946339108624452,0.7524613224859413,0.0,0.0,0.0003988134602146023,9.582045064784288e-05,0.15139308197198262
0.0004937024963597168,0.7510444091423261,0.0,0.0,0.0003978891316128415,9.58133647468753e-05,0.15113478083435986
0.0004927002396508331,0.7495197271662721,0.0,0.0,0.00039689396380885293,9.58062758419802e-05,0.15088003980530093
0.0004916290167002993,0.747890130366832,0.0,0.0,0.00039582983271762293,9.579918398267639e-05,0.15062880981660146
0.0004904906988645091,0.7461584655429736,0.0,0.0,0.0003946986096467115,9.57920892177976e-05,0.15038104247635364
0.000489287150870788,0.7443275694092014,0.0,0.0,0.0003935021592752831,9.57849915955049e-05,0.15013669005962482
0.00048802022893023103,0.7424002657247134,0.0,0.0,0.00039224233776693714,9.577789116329392e-05,0.14989570549926473
0.00048669177897801857,0.7403793626164827,0.0,0.0,0.0003909209910100134,9.577078796800515e-05,0.14965804237683922
0.0004853036350351414,0.7382676500870345,0.0,0.0,0.00038953995297930853,9.576368205583287e-05,0.1494236549136896
0.0004838576176857227,0.7360678976980726,0.0,0.0,0.00038810104421338964,9.575657347233304e-05,0.14919249796211453
0.0004823555326643664,0.7337828524214853,0.0,0.0,0.0003866060704019331,9.57494622624333e-05,0.14896452699667354
0.00048079916954818914,0.7314152366496004,0.0,0.0,0.0003850568210777477,9.574234847044143e-05,0.14873969810561066
0.0004791903005484184,0.7289677463569044,0.0,0.0,0.00038345506840836474,9.573523214005366e-05,0.1485179679823961
0.00047753067939665356,0.7264430494057691,0.0,0.0,0.0003818025660822912,9.572811331436233e-05,0.14829929391738467
0.00047582204032109595,0.7238437839890418,0.0,0.0,0.00038010104828523013,9.572099203586583e-05,0.14808363378958883
0.00047406609710824276,0.7211725572026497,0.0,0.0,0.0003783522287617673,9.571386834647546e-05,0.14787094605856563
0.0004722645422457415,0.7184319437416657,0.0,0.0,0.00037655779995821693,9.570674228752453e-05,0.1476611897564149
0.0004704190461422745,0.7156244847135613,0.0,0.0,0.00037471943224249925,9.569961389977526e-05,0.14745432447988824
0.00046853125642052945,0.7127526865626361,0.0,0.0,0.000372838773197102,9.569248322342746e-05,0.14725031038260641
0.00046660279727946894,0.7098190200998731,0.0,0.0,0.00037091744698134307,9.568535029812586e-05,0.14704910816738423
0.0004646352689222849,0.7068259196327136,0.0,0.0,0.000368957053759317,9.567821516296794e-05,0.1468506790786611
0.00046263024704657483,0.7037757821894892,0.0,0.0,0.0003669591691900627,9.56710778565121e-05,0.14665498489503576
0.00046058928239342426,0.7006709668334636,0.0,0.0,0.0003649253439766408,9.566393841678348e-05,0.14646198792190446
0.0004585139003522329,0.6975137940616746,0.0,0.0,0.00036285710347095,9.565679688128292e-05,0.1462716509841999
0.00045640560061824904,0.694306545283959,0.0,0.0,0.0003607559473312558,9.564965328699322e-05,0.1460839374192305
0.0004542658568999179,0.6910514623777566,0.0,0.0,0.0003586233492295311,9.56425076703868e-05,0.14589881106961888
0.0004520961166732748,0.6877507473144805,0.0,0.0,0.0003564607566058423,9.56353600674325e-05,0.14571623627633679
0.00044989780098073355,0.6844065618534251,0.0,0.0,0.0003542695904671308,9.562821051360272e-05,0.14553617787183673
0.0004476723042717439,0.6810210272993653,0.0,0.0,0.000352051245227864,9.562105904387992e-05,0.14535860117327773
0.0004454209942828999,0.6775962243201729,0.0,0.0,0.00034980708859013663,9.561390569276327e-05,0.14518347197584508
0.0004431452119551938,0.6741341928209371,0.0,0.0,0.000347538461460917,9.560675049427676e-05,0.14501075654616158
0.00044084627138620545,0.6706369318712353,0.0,0.0,0.0003452466779042323,9.559959348197315e-05,0.14484042161578975
0.00043852545981513404,0.6671063996823602,0.0,0.0,0.00034293302512619167,9.559243468894238e-05,0.1446724343748238
0.0004361840376386553,0.6635445136314438,0.0,0.0,0.00034059876349083697,9.558527414781834e-05,0.14450676246556982
0.00043382323845569026,0.6599531503295621,0.0,0.0,0.0003382451265649066,9.557811189078369e-05,0.1443433739763129
0.00043144426913926167,0.6563341457310459,0.0,0.0,0.0003358733211896854,9.557094794957624e-05,0.14418223743517036
0.0004290483099336919,0.6526892952813427,0.0,0.0,0.00033348452757819613,9.556378235549574e-05,0.14402332180402974
0.00042663651457548366,0.6490203541009077,0.0,0.0,0.00033107989943607295,9.555661513941071e-05,0.14386659647257014
0.00042421001043629414,0.645329037202702,0.0,0.0,0.00032866056410453174,9.55494463317624e-05,0.14371203125236612
0.0004217698986865011,0.6416170197410173,0.0,0.0,0.0003262276227239295,9.55422759625716e-05,0.14355959637107255
0.00041931725447792007,0.6378859372894351,0.0,0.0,0.000323782150416475,9.553510406144503e-05,0.14340926246669028
0.0004168531271443033,0.6341373861458345,0.0,0.0,0.0003213251964867228,9.552793065758051e-05,0.14326100058191021
0.00041437854041831917,0.6303729236624728,0.0,0.0,0.0003188577846385469,9.552075577977223e-05,0.14311478215853551
0.0004118944926637734,0.6265940685992509,0.0,0.0,0.0003163809132073563,9.551357945641707e-05,0.14297057903198068
0.00040940195712189063,0.62280230149837,0.0,0.0,0.0003138955554063716,9.550640171551902e-05,0.1428283634258468
0.0004069018821705401,0.6189990650786772,0.0,0.0,0.0003114026595858433,9.549922258469681e-05,0.14268810794657086
0.0004043951915953309,0.6151857646480693,0.0,0.0,0.0003089031495041451,9.549204209118582e-05,0.1425497855781496
0.0004018827848715776,0.6113637685324337,0.0,0.0,0.0003063979246097306,9.5484860261847e-05,0.1424133696769352
0.0003993655374561608,0.607534408519639,0.0,0.0,0.00030388786033299205,9.547767712316873e-05,0.14227883396650365
0.000396844301088383,0.6036989803172138,0.0,0.0,0.0003013738083871089,9.547049270127413e-05,0.14214615253259302
0.00039431990409894547,0.5998587440223755,0.0,0.0,0.0002988565970770193,9.546330702192618e-05,0.1420152998181122
0.00039179315172622613,0.5960149246031696,0.0,0.0,0.00029633703161569555,9.545612011053057e-05,0.14188625061821794
0.0003892648264390862,0.592168712389537,0.0,0.0,0.00029381589444694295,9.544893199214326e-05,0.14175898007545976
0.00038673589391529566,0.5883215764177813,2.0563814755179515e-10,2.0563814755179515e-10,0.00029129394557398617,9.544174270316192e-05,0.14163513806443068
0.00038420668077540724,0.5844740135590785,2.0560283590167123e-10,2.0560283590167123e-10,0.0002887719228931458,9.54345522794255e-05,0.14151300294101787
0.0003816781191890452,0.5806274418755,2.055680228200105e-10,2.055680228200105e-10,0.00028625055287637813,9.542736074464422e-05,0.1413925511795591
0.0003791511215863753,0.5767832494004869,4.0335784925961656e-10,4.0335784925961656e-10,0.0002837305501016404,9.542016812688563e-05,0.14127443076573193
0.0003766258822786476,0.5729417317298257,3.012464085814724e-10,3.012464085814724e-10,0.00028121260658065325,9.541297445158579e-05,0.14115762004675098
0.00037410338153187324,0.5691043800921669,2.054667924200121e-10,2.054667924200121e-10,0.0002786973963283685,9.540577973671232e-05,0.14104206645075482
0.0003715843629288507,0.5652723256620691,2.0543389858964898e-10,2.0543389858964898e-10,0.00027618557349274366,9.539858400220846e-05,0.1409281055049455
0.00036906935900468663,0.5614463785580095,2.0540146844163832e-10,2.0540146844163832e-10,0.00027367776633302406,9.539138727019414e-05,0.1408157152581706
0.00036655897486593424,0.5576274592977031,2.0536949529797239e-10,2.0536949529797239e-10,0.0002711745799339563,9.538418956248269e-05,0.14070487406182539
0.0003640537951969883,0.5538164573316768,2.053379725810168e-10,2.053379725810168e-10,0.0002686765989584296,9.537699090058612e-05,0.14059556056568337
0.000361554181478551,0.5500139225620735,2.123846745854488e-12,2.123846745854488e-12,0.00026618438805948324,9.536979129522103e-05,0.1404862496340097
0.0003590610851702072,0.5462213023957969,2.1235253137122547e-12,2.1235253137122547e-12,0.0002636984922896773,9.536259075700455e-05,0.14037844531120217
0.0003565748196453733,0.5424390735518307,2.12320840708177e-12,2.12320840708177e-12,0.00026121942821530656,9.535538930685834e-05,0.14027212683199736
0.0003540958720129478,0.5386679770440803,0.0,0.0,0.00025874768504872216,9.534818696422565e-05,0.1401671034073401
0.0003516247208170829,0.5349087408573396,2.1225874109116002e-12,2.1225874109116002e-12,0.00025628373494502015,9.534098374947537e-05,0.14006369780776456
0.0003491618140849505,0.5311620465524777,2.1222837015573596e-12,2.1222837015573596e-12,0.0002538280322787947,9.53337796838721e-05,0.13996171742514335
0.0003467119911482964,0.5274352559578802,4.401201236932826e-09,4.401201236932826e-09,0.00025138101510691855,9.532657484014089e-05,0.13986872647023643
0.000344280068509253,0.5237356961724069,1.759263193273458e-08,1.759263193273458e-08,0.00024894310653350576,9.531936934381448e-05,0.13978476262419584
0.0003418313240966611,0.5200105462814174,4.400124585264548e-09,4.400124585264548e-09,0.00024651476076039595,9.531216321167987e-05,0.1396942106000046
0.00033956422544203157,0.5165617248108186,1.6276117365473532e-07,1.6276117365473532e-07,0.00024409650758703581,9.530495668134099e-05,0.13964424841440332
0.00033721534016575486,0.5129884855270962,2.2873883948513557e-07,2.2873883948513557e-07,0.00024168885122577202,9.529775010049773e-05,0.13960369443842616
0.00033464371885298373,0.5090764092794996,6.070869689987711e-08,6.070869689987711e-08,0.0002392924668063455,9.529054334973836e-05,0.13953666782218513
0.0003323050157801819,0.505518659662224,1.133923226780172e-07,1.133923226780172e-07,0.00023690828713231584,9.528333632518801e-05,0.13948110621268706
0.0003298701306548474,0.5018145931975613,5.6928424647997167e-08,5.6928424647997167e-08,0.00023453707319824087,9.527612903195858e-05,0.13941486191336258
0.0003274527565381959,0.49813716533664637,4.397875687273567e-09,4.397875687273567e-09,0.0002321794374007324,9.526892126177628e-05,0.1393294081526841
0.0003251020584718121,0.49456116834785885,4.397356477962538e-09,4.397356477962538e-09,0.00022983594822588248,9.526171288945163e-05,0.13924513218317291
0.0003227658442396037,0.49100720487674765,4.396844544862731e-09,4.396844544862731e-09,0.00022750694346373166,9.525450393132719e-05,0.13916201777158152
0.00032044430780213314,0.48747556998561664,4.396339784359994e-09,4.396339784359994e-09,0.00022519261705882874,9.524729440352004e-05,0.13908004890840187
0.00031813763286569943,0.48396654313748216,4.395842094359753e-09,4.395842094359753e-09,0.0002228931527016804,9.524008432192468e-05,0.13899920980478161
0.0003158459931243048,0.48048038856416436,4.395351374268373e-09,4.395351374268373e-09,0.00022060872407071518,9.523287370221535e-05,0.1389194848894828
0.00031356955249907175,0.4770173556305005,4.394867524962673e-09,4.394867524962673e-09,0.00021833949507169708,9.522566255984971e-05,0.13884085880588262
0.0003113084653750067,0.47357767919452115,4.394390448771282e-09,4.394390448771282e-09,0.00021608562007448677,9.521845091007117e-05,0.13876331640901537
0.0003090628768350193,0.47016157996345137,4.393920049454317e-09,4.393920049454317e-09,0.00021384724414705614,9.521123876791368e-05,0.13868684276265517
0.0003068329228911053,0.46676926484539866,4.393456232179663e-09,4.393456232179663e-09,0.00021162450328667215,9.5204026148201e-05,0.13861142313643904
0.00030461873071262945,0.46340092729662646,4.392998903492482e-09,4.392998903492482e-09,0.00020941752464817212,9.519681306555382e-05,0.13853704300302946
0.00030242041885162235,0.46005674766428833,4.392547971313515e-09,4.392547971313515e-09,0.00020722642676926158,9.518959953438943e-05,0.1384636880353162
