forcing_file=.input/forcing/cat-3400600.csv
partition_scheme=Schaake
soil_params.D=2.0
soil_params.bb=2.3265130519866943
soil_params.satdk=2.665284175164264e-07
soil_params.satpsi=0.0616630894363196
soil_params.slop=0.1434000524285995
soil_params.smcmax=0.439949575764885
soil_params.wltsmc=0.0634845672501775
soil_params.expon=1.0
soil_params.expon_secondary=0.005
max_gw_storage=148.389556885
Cgw=0.0018
expon=6.0
gw_storage=0.05
alpha_fc=0.33
soil_storage=0.05
K_nash=0.03
K_lf=0.01
nash_storage=0.0,0.0
giuh_ordinates=1.00,0.00
num_timesteps=1
verbosity=1
DEBUG=0
refkdt=3.168472596867749

catchment_area_km2=7.2022484070023305