forcing_file=.input/forcing/cat-3400615.csv
partition_scheme=Schaake
soil_params.D=2.0
soil_params.bb=4.010045051574707
soil_params.satdk=1.4336191538231882e-07
soil_params.satpsi=0.0702554732039172
soil_params.slop=0.1275607634598831
soil_params.smcmax=0.4572525174257484
soil_params.wltsmc=0.0943605886818318
soil_params.expon=1.0
soil_params.expon_secondary=0.005
max_gw_storage=148.389556885
Cgw=0.0018
expon=6.0
gw_storage=0.05
alpha_fc=0.33
soil_storage=0.05
K_nash=0.03
K_lf=0.01
nash_storage=0.0,0.0
giuh_ordinates=1.00,0.00
num_timesteps=1
verbosity=1
DEBUG=0
refkdt=3.4083649045085407

catchment_area_km2=3.629698686017528