forcing_file=.input/forcing/cat-3400553.csv
partition_scheme=Schaake
soil_params.D=2.0
soil_params.bb=4.010045051574707
soil_params.satdk=9.13242560837362e-08
soil_params.satpsi=0.0577581185781657
soil_params.slop=0.1317555308149352
soil_params.smcmax=0.4619191007410747
soil_params.wltsmc=0.1030000001192092
soil_params.expon=1.0
soil_params.expon_secondary=0.005
max_gw_storage=148.389556885
Cgw=0.0018
expon=6.0
gw_storage=0.05
alpha_fc=0.33
soil_storage=0.05
K_nash=0.03
K_lf=0.01
nash_storage=0.0,0.0
giuh_ordinates=1.00,0.00
num_timesteps=1
verbosity=1
DEBUG=0
refkdt=3.344833490768492

catchment_area_km2=20.26215630458596