forcing_file=.input/forcing/cat-3400602.csv
partition_scheme=Schaake
soil_params.D=2.0
soil_params.bb=2.0909171104431152
soil_params.satdk=3.7623453323760217e-07
soil_params.satpsi=0.0870443155301908
soil_params.slop=0.1189724653959274
soil_params.smcmax=0.4209605981318838
soil_params.wltsmc=0.0316907400173157
soil_params.expon=1.0
soil_params.expon_secondary=0.005
max_gw_storage=148.389556885
Cgw=0.0018
expon=6.0
gw_storage=0.05
alpha_fc=0.33
soil_storage=0.05
K_nash=0.03
K_lf=0.01
nash_storage=0.0,0.0
giuh_ordinates=1.00,0.00
num_timesteps=1
verbosity=1
DEBUG=0
refkdt=3.538438081741333

catchment_area_km2=3.3282062009248135