forcing_file=.input/forcing/cat-3400584.csv
partition_scheme=Schaake
soil_params.D=2.0
soil_params.bb=2.3265130519866943
soil_params.satdk=1.1654106724347872e-07
soil_params.satpsi=0.0185519735953362
soil_params.slop=0.1217093773751946
soil_params.smcmax=0.4300123075055149
soil_params.wltsmc=0.0448494190754745
soil_params.expon=1.0
soil_params.expon_secondary=0.005
max_gw_storage=148.389556885
Cgw=0.0018
expon=6.0
gw_storage=0.05
alpha_fc=0.33
soil_storage=0.05
K_nash=0.03
K_lf=0.01
nash_storage=0.0,0.0
giuh_ordinates=1.00,0.00
num_timesteps=1
verbosity=1
DEBUG=0
refkdt=3.42240380027081

catchment_area_km2=5.804099207886487