forcing_file=.input/forcing/cat-3400559.csv
partition_scheme=Schaake
soil_params.D=2.0
soil_params.bb=2.3265130519866943
soil_params.satdk=1.5490584100879724e-06
soil_params.satpsi=0.0126118770996234
soil_params.slop=0.142448649746345
soil_params.smcmax=0.4309175136602021
soil_params.wltsmc=0.0469999983906746
soil_params.expon=1.0
soil_params.expon_secondary=0.005
max_gw_storage=148.389556885
Cgw=0.0018
expon=6.0
gw_storage=0.05
alpha_fc=0.33
soil_storage=0.05
K_nash=0.03
K_lf=0.01
nash_storage=0.0,0.0
giuh_ordinates=1.00,0.00
num_timesteps=1
verbosity=1
DEBUG=0
refkdt=3.1828819674772797

catchment_area_km2=13.276349937026918